0 -10.1174
1 -11.1671
2 -3.173
3 -6.69879
4 -11.8201
5 -11.04
6 -5.45178
7 -9.22028
8 -6.57112
9 -12.3276
10 -6.75089
11 -10.1798
12 -8.4292
13 -10.3927
14 -8.77359
15 -13.6077
16 -5.97919
17 -10.6826
18 -6.03747
19 -9.96383
20 -7.24261
21 -10.3634
22 -7.40055
23 -11.8915
24 -3.44619
25 -6.58215
26 -9.776
27 -8.98458
28 -5.21567
29 -5.96194
30 -10.5529
31 -17.415
32 -10.8102
33 -12.2056
34 -12.5906
35 -15
36 -13.9556
37 -10.0811
38 -11.2721
39 -11.7808
40 -13.5081
41 -12.2056
42 -13.3561
43 -14.2996
44 -10.6736
45 -12.9125
46 -10.3816
47 -13.5081
48 -9.33644
49 -10.4922
50 -11.1671
51 -9.59486
52 -12.142
53 -11.9339
54 -12.2858
55 -10.2418
56 -8.43776
57 -8.63149
58 -11.9125
59 -11.5243
60 -8.52528
61 -8.31876
62 -10.6691
63 -10.5695
64 -10.6206
65 -10.5324
66 -11.6163
67 -12.2451
68 -10.7008
69 -13.7146
70 -12.4301
71 -10.31
72 -15.2996
73 -10.5365
74 -9.90724
75 -9.11583
76 -9.90989
77 -10.5571
78 -10.6646
79 -13.0227
80 -10.5283
81 -12.4922
82 -11.6781
83 -11.8707
84 -12.5081
85 -11.1926
86 -10.6469
87 -9.71923
88 -9.71691
89 -8.96933
90 -14.2451
91 -11.0342
92 -12.0811
93 -11.4608
94 -11.4075
95 -10.7664
96 -10.7146
97 -16.6781
98 -9.79299
99 -11.1926
100 -10.71
101 -11.4608
102 -12.4922
103 -19
104 -10.4725
105 -11.4301
106 -10.1514
107 -8.51518
108 -11.2996
109 -12.2858
110 -10.6646
111 -10.3065
112 -12.5906
113 -9.69166
114 -10.4339
115 -12.7146
116 -10.2154
117 -9.85534
118 -10.2056
119 -13.1926
120 -9.97763
121 -9.14047
122 -10.1735
123 -9.06631
124 -8.9046
125 -9.56329
126 -9.52022
127 -12.0575
