0 -5.76765
1 -5.24898
2 -5.79276
3 -5.26831
4 -5.63518
5 -5.18107
6 -5.67329
7 -5.17305
8 -5.70933
9 -5.17599
10 -5.60674
11 -5.02864
12 -5.69116
13 -5.18147
14 -5.53392
16 -5.05036
17 -4.56632
18 -5.07278
19 -4.57853
20 -4.91328
21 -4.37849
22 -4.88882
24 -5.07542
25 -4.48849
26 -4.92256
28 -4.86465
32 -5.62965
33 -5.08445
34 -5.61832
35 -5.06244
36 -5.53341
37 -5.06737
38 -5.48689
40 -5.58809
41 -4.94832
42 -5.30227
44 -5.45172
48 -4.93345
49 -4.41231
50 -4.87564
52 -4.72938
56 -4.84597
64 -5.61266
65 -4.89905
66 -5.54557
67 -4.93779
68 -5.46011
69 -4.83051
70 -5.45226
72 -5.50765
73 -4.89934
74 -5.45655
76 -5.48578
80 -4.9046
81 -4.2506
82 -4.87221
84 -4.68269
88 -4.90164
96 -5.42783
97 -4.81749
98 -5.47326
100 -5.35412
104 -5.46491
112 -4.77974
128 -5.77592
129 -5.26154
130 -5.82492
131 -5.26043
132 -5.69872
133 -5.18452
134 -5.63998
136 -5.68153
137 -5.20457
138 -5.55609
140 -5.59705
144 -5.0823
145 -4.5803
146 -5.04449
148 -4.86911
152 -5.00883
160 -5.61111
161 -5.11164
162 -5.64837
164 -5.43716
168 -5.57308
176 -4.94412
192 -5.45461
193 -4.93215
194 -5.58169
196 -5.4276
200 -5.58142
208 -4.87257
224 -5.45088
256 -4.74759
257 -4.25003
258 -4.7281
259 -4.25299
260 -4.64837
261 -4.17109
262 -4.6235
264 -4.75055
265 -4.1874
266 -4.61151
268 -4.62799
272 -4.071
273 -3.57817
274 -4.08007
276 -3.89407
280 -4.06624
288 -4.61822
289 -4.07735
290 -4.62809
292 -4.51338
296 -4.49645
304 -3.93709
320 -4.55314
321 -3.91862
322 -4.57347
324 -4.46248
328 -4.56906
336 -3.90343
352 -4.43374
384 -4.75705
385 -4.24467
386 -4.76807
388 -4.6792
392 -4.74963
400 -4.07605
416 -4.61609
448 -4.55926
512 -5.39215
513 -4.78766
514 -5.33328
515 -4.78902
516 -5.32322
517 -4.74604
518 -5.29983
520 -5.3409
521 -4.72188
522 -5.11226
524 -5.26233
528 -4.71876
529 -4.18369
530 -4.72478
532 -4.61363
536 -4.69305
544 -5.19244
545 -4.6035
546 -5.19395
548 -5.17818
552 -5.10845
560 -4.59041
576 -5.1504
577 -4.43847
578 -5.1292
580 -5.10343
584 -5.1267
592 -4.51031
608 -4.98912
640 -5.34928
641 -4.80255
642 -5.40795
644 -5.3175
648 -5.36899
656 -4.76447
672 -5.19865
704 -5.17449
768 -4.40305
769 -3.80621
770 -4.36103
772 -4.33272
776 -4.33817
784 -3.73829
800 -4.22321
832 -4.11858
896 -4.39872
1024 -5.2637
1025 -4.89005
1026 -5.27033
1027 -4.88605
1028 -5.19335
1029 -4.77092
1030 -5.13828
1032 -5.25364
1033 -4.8453
1034 -5.07914
1036 -5.10585
1040 -4.47895
1041 -3.99449
1042 -4.47316
1044 -4.23868
1048 -4.43755
1056 -5.14499
1057 -4.68439
1058 -5.15466
1060 -5.06019
1064 -5.08809
1072 -4.27719
1088 -5.10784
1089 -4.55405
1090 -5.15839
1092 -5.03268
1096 -5.1349
1104 -4.31416
1120 -5.03602
1152 -5.24318
1153 -4.88435
1154 -5.35451
1156 -5.11941
1160 -5.24543
1168 -4.46072
1184 -5.11774
1216 -5.14864
1280 -4.28264
1281 -3.86469
1282 -4.27842
1284 -4.18522
1288 -4.26452
1296 -3.46137
1312 -4.13364
1344 -4.14255
1408 -4.28345
1536 -4.7786
1537 -4.41111
1538 -4.78545
1540 -4.69483
1544 -4.76732
1552 -3.97889
1568 -4.60705
1600 -4.64503
1664 -4.8094
1792 -3.79763
2048 -5.57551
2049 -5.05163
2050 -5.53341
2051 -4.97175
2052 -5.5143
2053 -4.9586
2054 -5.4958
2056 -5.20619
2057 -4.64437
2058 -5.04149
2060 -5.13993
2064 -4.9482
2065 -4.36771
2066 -4.84238
2068 -4.77547
2072 -4.49801
2080 -5.40795
2081 -4.83564
2082 -5.21281
2084 -5.37801
2088 -4.88483
2096 -4.74981
2112 -5.59267
2113 -4.91694
2114 -5.5177
2116 -5.40649
2120 -5.17783
2128 -4.90374
2144 -5.46357
2176 -5.6097
2177 -5.03124
2178 -5.5916
2180 -5.50833
2184 -5.20279
2192 -4.89397
2208 -5.42422
2240 -5.57492
2304 -4.63095
2305 -4.05501
2306 -4.52633
2308 -4.52449
2312 -4.20769
2320 -3.95439
2336 -4.42715
2368 -4.56202
2432 -4.60166
2560 -5.20599
2561 -4.58396
2562 -5.09899
2564 -5.14674
2568 -4.79501
2576 -4.57945
2592 -4.96473
2624 -5.12099
2688 -5.2093
2816 -4.22269
3072 -5.20122
3073 -4.70233
3074 -5.09871
3076 -5.05684
3080 -4.72985
3088 -4.34182
3104 -4.99367
3136 -5.12511
3200 -5.20112
3328 -4.17497
3584 -4.66231
4096 -5.73226
4097 -5.27906
4098 -5.77517
4099 -5.26006
4100 -5.67343
4101 -5.16518
4102 -5.60226
4103 -5.14976
4104 -5.75489
4105 -5.22084
4106 -5.57636
4107 -5.01385
4108 -5.63525
4109 -5.12838
4110 -5.55965
4112 -5.08543
4113 -4.56818
4114 -5.07384
4115 -4.57715
4116 -4.88394
4117 -4.37683
4118 -4.88524
4120 -5.03494
4121 -4.50527
4122 -4.91059
4124 -4.85981
4128 -5.58803
4129 -5.08594
4130 -5.58188
4131 -5.03367
4132 -5.49289
4133 -5.05323
4134 -5.49823
4136 -5.592
4137 -5.00534
4138 -5.28404
4140 -5.46309
4144 -4.92047
4145 -4.41345
4146 -4.93147
4148 -4.70326
4152 -4.85714
4160 -5.52629
4161 -4.89454
4162 -5.55234
4163 -4.96224
4164 -5.45975
4165 -4.85682
4166 -5.51078
4168 -5.58875
4169 -4.92394
4170 -5.44697
4172 -5.49934
4176 -4.88768
4177 -4.23707
4178 -4.88968
4180 -4.70273
4184 -4.9079
4192 -5.48319
4193 -4.85797
4194 -5.46777
4196 -5.35992
4200 -5.41011
4208 -4.78743
4224 -5.785
4225 -5.26693
4226 -5.8142
4227 -5.22542
4228 -5.7107
4229 -5.14562
4230 -5.68917
4232 -5.70129
4233 -5.21833
4234 -5.57282
4236 -5.68485
4240 -5.12123
4241 -4.57869
4242 -5.07732
4244 -4.88142
4248 -5.0158
4256 -5.64603
4257 -5.05849
4258 -5.64314
4260 -5.51883
4264 -5.55531
4272 -4.94061
4288 -5.5493
4289 -4.94226
4290 -5.58637
4292 -5.52414
4296 -5.583
4304 -4.8555
4320 -5.46472
4352 -4.75731
4353 -4.2484
4354 -4.76957
4355 -4.26162
4356 -4.68185
4357 -4.18642
4358 -4.62093
4360 -4.74516
4361 -4.21281
4362 -4.57741
4364 -4.62208
4368 -4.09201
4369 -3.55101
4370 -4.08692
4372 -3.88209
4376 -4.05597
4384 -4.58958
4385 -4.09226
4386 -4.6053
4388 -4.53475
4392 -4.57364
4400 -3.93863
4416 -4.52091
4417 -3.91966
4418 -4.53396
4420 -4.48726
4424 -4.55108
4432 -3.88402
4448 -4.43534
4480 -4.74774
4481 -4.25761
4482 -4.76687
4484 -4.69294
4488 -4.74081
4496 -4.08573
4512 -4.60943
4544 -4.55072
4608 -5.41099
4609 -4.82992
4610 -5.36338
4611 -4.7965
4612 -5.30902
4613 -4.77905
4614 -5.31777
4616 -5.33561
4617 -4.72639
4618 -5.19234
4620 -5.32995
4624 -4.71384
4625 -4.1681
4626 -4.7155
4628 -4.59922
4632 -4.68103
4640 -5.22738
4641 -4.61124
4642 -5.16716
4644 -5.16129
4648 -5.06954
4656 -4.5832
4672 -5.11207
4673 -4.43314
4674 -5.10551
4676 -5.08202
4680 -5.13649
4688 -4.51427
4704 -4.97859
4736 -5.37978
4737 -4.83031
4738 -5.42316
4740 -5.3076
4744 -5.28935
4752 -4.73974
4768 -5.20482
4800 -5.14659
4864 -4.41079
4865 -3.81087
4866 -4.36763
4868 -4.32225
4872 -4.3462
4880 -3.73923
4896 -4.2291
4928 -4.15355
4992 -4.38635
5120 -5.26826
5121 -4.87144
5122 -5.29156
5123 -4.84578
5124 -5.19078
5125 -4.75709
5126 -5.24282
5128 -5.30021
5129 -4.87313
5130 -5.11259
5132 -5.16948
5136 -4.46631
5137 -4.01032
5138 -4.48695
5140 -4.22944
5144 -4.42461
5152 -5.14825
5153 -4.70671
5154 -5.11178
5156 -5.02702
5160 -5.09405
5168 -4.29683
5184 -5.14528
5185 -4.56854
5186 -5.14552
5188 -5.04649
5192 -5.12795
5200 -4.29821
5216 -4.9746
5248 -5.34117
5249 -4.86069
5250 -5.27235
5252 -5.15937
5256 -5.26355
5264 -4.47231
5280 -5.18647
5312 -5.14937
5376 -4.27853
5377 -3.88136
5378 -4.29723
5380 -4.19764
5384 -4.27237
5392 -3.45624
5408 -4.14384
5440 -4.15422
5504 -4.27733
5632 -4.79791
5633 -4.37726
5634 -4.81122
5636 -4.74007
5640 -4.776
5648 -3.99372
5664 -4.62323
5696 -4.62432
5760 -4.80037
5888 -3.79604
6144 -5.62015
6145 -5.07788
6146 -5.55712
6147 -4.9533
6148 -5.51871
6149 -4.96606
6150 -5.46831
6152 -5.20269
6153 -4.63347
6154 -5.0429
6156 -5.15696
6160 -4.96202
6161 -4.37369
6162 -4.87422
6164 -4.76115
6168 -4.51467
6176 -5.44541
6177 -4.82539
6178 -5.22233
6180 -5.37652
6184 -4.85582
6192 -4.74634
6208 -5.55376
6209 -4.9385
6210 -5.53852
6212 -5.43973
6216 -5.18157
6224 -4.89462
6240 -5.52636
6272 -5.62218
6273 -5.05666
6274 -5.50953
6276 -5.55634
6280 -5.19008
6288 -4.95228
6304 -5.45112
6336 -5.54814
6400 -4.65179
6401 -4.06237
6402 -4.53163
6404 -4.52972
6408 -4.19913
6416 -3.95358
6432 -4.42837
6464 -4.55722
6528 -4.63112
6656 -5.25338
6657 -4.57652
6658 -5.10386
6660 -5.13403
6664 -4.749
6672 -4.59789
6688 -5.00026
6720 -5.11645
6784 -5.18587
6912 -4.20624
7168 -5.14713
7169 -4.68467
7170 -5.04881
7172 -5.06327
7176 -4.75597
7184 -4.34536
7200 -4.99521
7232 -5.17107
7296 -5.12051
7424 -4.17551
7680 -4.67733
8192 -5.72526
8193 -5.22573
8194 -5.73497
8195 -5.18567
8196 -5.66601
8197 -5.19461
8198 -5.60019
8199 -5.14182
8200 -5.78819
8201 -5.1987
8202 -5.58908
8203 -5.01714
8204 -5.6046
8205 -5.09541
8206 -5.45769
8208 -5.05437
8209 -4.58096
8210 -5.05794
8211 -4.54602
8212 -4.88561
8213 -4.35603
8214 -4.88956
8216 -5.03607
8217 -4.48418
8218 -4.93719
8220 -4.8239
8224 -5.58472
8225 -5.04758
8226 -5.61636
8227 -5.1039
8228 -5.52655
8229 -5.01799
8230 -5.53348
8232 -5.51279
8233 -4.97638
8234 -5.28479
8236 -5.46199
8240 -4.9142
8241 -4.40638
8242 -4.90193
8244 -4.73255
8248 -4.88341
8256 -5.57295
8257 -4.95514
8258 -5.59639
8259 -4.93131
8260 -5.48596
8261 -4.82691
8262 -5.48899
8264 -5.53093
8265 -4.91154
8266 -5.43776
8268 -5.44961
8272 -4.8813
8273 -4.26207
8274 -4.91474
8276 -4.72446
8280 -4.88488
8288 -5.45058
8289 -4.82859
8290 -5.43734
8292 -5.34162
8296 -5.47283
8304 -4.77717
8320 -5.73212
8321 -5.28141
8322 -5.73453
8323 -5.25217
8324 -5.69038
8325 -5.18487
8326 -5.61981
8328 -5.69095
8329 -5.17529
8330 -5.54442
8332 -5.59899
8336 -5.08011
8337 -4.55783
8338 -5.07208
8340 -4.85873
8344 -5.02187
8352 -5.58598
8353 -5.07019
8354 -5.57971
8356 -5.51097
8360 -5.55868
8368 -4.9448
8384 -5.48399
8385 -4.90045
8386 -5.59945
8388 -5.45371
8392 -5.50184
8400 -4.86345
8416 -5.42694
8448 -4.71225
8449 -4.25643
8450 -4.75783
8451 -4.2528
8452 -4.6714
8453 -4.17611
8454 -4.67828
8456 -4.75668
8457 -4.20285
8458 -4.58011
8460 -4.58386
8464 -4.08069
8465 -3.5448
8466 -4.07883
8468 -3.87883
8472 -4.04626
8480 -4.62418
8481 -4.07825
8482 -4.62822
8484 -4.50418
8488 -4.52956
8496 -3.94097
8512 -4.55576
8513 -3.91536
8514 -4.59091
8516 -4.45567
8520 -4.5535
8528 -3.8907
8544 -4.41936
8576 -4.76687
8577 -4.28788
8578 -4.74033
8580 -4.67031
8584 -4.74449
8592 -4.08756
8608 -4.59124
8640 -4.53555
8704 -5.44841
8705 -4.80736
8706 -5.3998
8707 -4.76646
8708 -5.36083
8709 -4.76533
8710 -5.30586
8712 -5.32553
8713 -4.74538
8714 -5.1743
8716 -5.23996
8720 -4.74837
8721 -4.18504
8722 -4.71974
8724 -4.60346
8728 -4.6805
8736 -5.23783
8737 -4.6252
8738 -5.16968
8740 -5.16237
8744 -5.09428
8752 -4.58353
8768 -5.12795
8769 -4.44233
8770 -5.10822
8772 -5.07718
8776 -5.13983
8784 -4.51798
8800 -5.01425
8832 -5.38127
8833 -4.82824
8834 -5.34436
8836 -5.36202
8840 -5.35564
8848 -4.78087
8864 -5.2122
8896 -5.14708
8960 -4.3953
8961 -3.81269
8962 -4.37044
8964 -4.34786
8968 -4.35102
8976 -3.75307
8992 -4.20947
9024 -4.13214
9088 -4.38572
9216 -5.34436
9217 -4.84661
9218 -5.29999
9219 -4.84285
9220 -5.19526
9221 -4.75768
9222 -5.17838
9224 -5.24971
9225 -4.80424
9226 -5.12468
9228 -5.13422
9232 -4.46139
9233 -3.98727
9234 -4.43187
9236 -4.2298
9240 -4.41164
9248 -5.1379
9249 -4.73435
9250 -5.13021
9252 -5.04744
9256 -5.06922
9264 -4.32481
9280 -5.09386
9281 -4.58155
9282 -5.14328
9284 -5.03598
9288 -5.16025
9296 -4.29154
9312 -4.99824
9344 -5.30352
9345 -4.87455
9346 -5.29259
9348 -5.1464
9352 -5.27874
9360 -4.47687
9376 -5.10641
9408 -5.12276
9472 -4.26794
9473 -3.86533
9474 -4.28168
9476 -4.16203
9480 -4.2527
9488 -3.46597
9504 -4.14786
9536 -4.13925
9600 -4.2781
9728 -4.78155
9729 -4.37389
9730 -4.76979
9732 -4.73835
9736 -4.75103
9744 -3.98284
9760 -4.65272
9792 -4.62459
9856 -4.76544
9984 -3.79041
10240 -5.59752
10241 -5.06093
10242 -5.53807
10243 -4.94692
10244 -5.50752
10245 -4.97451
10246 -5.50833
10248 -5.17251
10249 -4.61613
10250 -5.01296
10252 -5.1133
10256 -4.9454
10257 -4.37838
10258 -4.85188
10260 -4.74811
10264 -4.51984
10272 -5.39678
10273 -4.83891
10274 -5.30466
10276 -5.31948
10280 -4.8907
10288 -4.76111
10304 -5.52205
10305 -4.89491
10306 -5.47527
10308 -5.48757
10312 -5.12632
10320 -4.90226
10336 -5.45534
10368 -5.56929
10369 -5.0171
10370 -5.52547
10372 -5.51858
10376 -5.19194
10384 -4.95407
10400 -5.48006
10432 -5.5331
10496 -4.6409
10497 -4.0522
10498 -4.52373
10500 -4.51109
10504 -4.21087
10512 -3.92906
10528 -4.43454
10560 -4.5474
10624 -4.61138
10752 -5.20457
10753 -4.57033
10754 -5.1524
10756 -5.21363
10760 -4.7456
10768 -4.60745
10784 -5.00857
10816 -5.14776
10880 -5.23658
11008 -4.21289
11264 -5.16286
11265 -4.70208
11266 -5.04603
11268 -5.06401
11272 -4.74656
11280 -4.3175
11296 -4.98633
11328 -5.12478
11392 -5.19531
11520 -4.20624
11776 -4.68939
12288 -5.72235
12289 -5.19854
12290 -5.77178
12291 -5.24569
12292 -5.61373
12293 -5.15123
12294 -5.63737
12295 -5.18077
12296 -5.75037
12297 -5.23923
12298 -5.5914
12299 -5.00693
12300 -5.64568
12301 -5.12013
12302 -5.44757
12304 -5.04036
12305 -4.58155
12306 -5.0796
12307 -4.55479
12308 -4.84376
12309 -4.36547
12310 -4.8669
12312 -4.9953
12313 -4.53807
12314 -4.90774
12316 -4.84942
12320 -5.58518
12321 -5.08384
12322 -5.5738
12323 -5.06982
12324 -5.52966
12325 -5.02276
12326 -5.47871
12328 -5.52218
12329 -5.02035
12330 -5.26725
12332 -5.40994
12336 -4.92954
12337 -4.4011
12338 -4.94197
12340 -4.71749
12344 -4.86229
12352 -5.57669
12353 -4.91059
12354 -5.57053
12355 -4.94803
12356 -5.43657
12357 -4.84206
12358 -5.46965
12360 -5.59479
12361 -4.93859
12362 -5.44817
12364 -5.44733
12368 -4.88907
12369 -4.24172
12370 -4.89176
12372 -4.67455
12376 -4.91428
12384 -5.48825
12385 -4.83903
12386 -5.51304
12388 -5.41827
12392 -5.50652
12400 -4.79241
12416 -5.7449
12417 -5.25643
12418 -5.79047
12419 -5.26281
12420 -5.653
12421 -5.17967
12422 -5.70394
12424 -5.79589
12425 -5.17375
12426 -5.56511
12428 -5.63457
12432 -5.11917
12433 -4.56387
12434 -5.0641
12436 -4.89757
12440 -5.08291
12448 -5.60641
12449 -5.0783
12450 -5.59233
12452 -5.51549
12456 -5.58017
12464 -4.95595
12480 -5.50564
12481 -4.93
12482 -5.60963
12484 -5.47081
12488 -5.53654
12496 -4.89086
12512 -5.42665
12544 -4.74985
12545 -4.23578
12546 -4.73644
12547 -4.24475
12548 -4.66894
12549 -4.17982
12550 -4.65886
12552 -4.71981
12553 -4.18735
12554 -4.5736
12556 -4.64032
12560 -4.06993
12561 -3.56759
12562 -4.09532
12564 -3.8797
12568 -4.05277
12576 -4.61168
12577 -4.09104
12578 -4.63871
12580 -4.51852
12584 -4.55482
12592 -3.92104
12608 -4.58103
12609 -3.92647
12610 -4.55952
12612 -4.44865
12616 -4.55858
12624 -3.89536
12640 -4.43895
12672 -4.73824
12673 -4.27509
12674 -4.75675
12676 -4.68382
12680 -4.71315
12688 -4.0992
12704 -4.60159
12736 -4.52367
12800 -5.42405
12801 -4.80751
12802 -5.33861
12803 -4.80002
12804 -5.3094
12805 -4.77551
12806 -5.29972
12808 -5.34045
12809 -4.75248
12810 -5.19441
12812 -5.28935
12816 -4.73402
12817 -4.18988
12818 -4.70459
12820 -4.56948
12824 -4.69908
12832 -5.22671
12833 -4.6048
12834 -5.21547
12836 -5.22213
12840 -5.0996
12848 -4.56557
12864 -5.11798
12865 -4.46527
12866 -5.11273
12868 -5.11554
12872 -5.18337
12880 -4.51653
12896 -5.02891
12928 -5.38495
12929 -4.79834
12930 -5.39493
12932 -5.37167
12936 -5.32217
12944 -4.73497
12960 -5.15402
12992 -5.12185
13056 -4.3827
13057 -3.80998
13058 -4.38182
13060 -4.33422
13064 -4.35119
13072 -3.75309
13088 -4.23202
13120 -4.12437
13184 -4.42434
13312 -5.2835
13313 -4.87313
13314 -5.28586
13315 -4.82609
13316 -5.15236
13317 -4.75545
13318 -5.1739
13320 -5.29237
13321 -4.86001
13322 -5.11535
13324 -5.16119
13328 -4.43499
13329 -3.98925
13330 -4.45148
13332 -4.23433
13336 -4.42848
13344 -5.16011
13345 -4.70534
13346 -5.1524
13348 -5.03756
13352 -5.06318
13360 -4.29008
13376 -5.13383
13377 -4.59406
13378 -5.13828
13380 -5.04009
13384 -5.173
13392 -4.31481
13408 -5.00185
13440 -5.34039
13441 -4.86549
13442 -5.33466
13444 -5.14898
13448 -5.27346
13456 -4.44278
13472 -5.16889
13504 -5.11088
13568 -4.28664
13569 -3.87477
13570 -4.25385
13572 -4.1988
13576 -4.26429
13584 -3.4554
13600 -4.12773
13632 -4.13661
13696 -4.27781
13824 -4.77796
13825 -4.35882
13826 -4.78299
13828 -4.72289
13832 -4.72101
13840 -3.99243
13856 -4.63262
13888 -4.6105
13952 -4.80444
14080 -3.80409
14336 -5.61326
14337 -5.01763
14338 -5.54166
14339 -4.9303
14340 -5.50546
14341 -4.9865
14342 -5.4289
14344 -5.2212
14345 -4.65082
14346 -5.05127
14348 -5.12252
14352 -4.92486
14353 -4.36885
14354 -4.87201
14356 -4.74151
14360 -4.54554
14368 -5.46272
14369 -4.83781
14370 -5.21736
14372 -5.36428
14376 -4.89597
14384 -4.72366
14400 -5.48442
14401 -4.9127
14402 -5.47846
14404 -5.45878
14408 -5.15382
14416 -4.91337
14432 -5.4405
14464 -5.60882
14465 -5.05886
14466 -5.53488
14468 -5.56733
14472 -5.2122
14480 -4.94404
14496 -5.43317
14528 -5.51342
14592 -4.60634
14593 -4.03118
14594 -4.53753
14596 -4.52706
14600 -4.19587
14608 -3.9259
14624 -4.43603
14656 -4.56248
14720 -4.61829
14848 -5.16815
14849 -4.58281
14850 -5.11216
14852 -5.17907
14856 -4.76107
14864 -4.56547
14880 -4.98389
14912 -5.12531
14976 -5.25511
15104 -4.22072
15360 -5.13238
15361 -4.71131
15362 -5.09395
15364 -5.05282
15368 -4.73908
15376 -4.33856
15392 -4.97781
15424 -5.09927
15488 -5.1994
15616 -4.17616
15872 -4.66078
16384 -5.71807
16385 -5.27666
16386 -5.81048
16387 -5.23565
16388 -5.61441
16389 -5.15255
16390 -5.65065
16391 -5.16543
16392 -5.76234
16393 -5.19254
16394 -5.57426
16395 -5.0334
16396 -5.67462
16397 -5.10589
16398 -5.49729
16400 -5.06797
16401 -4.55735
16402 -5.11688
16403 -4.54609
16404 -4.86714
16405 -4.38225
16406 -4.8815
16408 -5.04045
16409 -4.52522
16410 -4.91204
16412 -4.83816
16416 -5.56238
16417 -5.04776
16418 -5.62374
16419 -5.06028
16420 -5.51178
16421 -5.00172
16422 -5.51367
16424 -5.5484
16425 -5.0026
16426 -5.2569
16428 -5.45945
16432 -4.89221
16433 -4.38345
16434 -4.93198
16436 -4.71434
16440 -4.86577
16448 -5.54757
16449 -4.9181
16450 -5.61367
16451 -4.95249
16452 -5.47944
16453 -4.85594
16454 -5.49531
16456 -5.5024
16457 -4.94222
16458 -5.42139
16460 -5.53233
16464 -4.89184
16465 -4.25291
16466 -4.89757
16468 -4.70667
16472 -4.91337
16480 -5.438
16481 -4.82052
16482 -5.42352
16484 -5.35192
16488 -5.4803
16496 -4.77736
16512 -5.70674
16513 -5.26096
16514 -5.72242
16515 -5.20874
16516 -5.67484
16517 -5.19179
16518 -5.72286
16520 -5.76705
16521 -5.17713
16522 -5.604
16524 -5.6804
16528 -5.12584
16529 -4.55696
16530 -5.075
16532 -4.87835
16536 -5.04831
16544 -5.5577
16545 -5.10461
16546 -5.64059
16548 -5.50265
16552 -5.46479
16560 -4.92745
16576 -5.54628
16577 -4.92891
16578 -5.56472
16580 -5.46224
16584 -5.59899
16592 -4.86293
16608 -5.45431
16640 -4.74011
16641 -4.26926
16642 -4.76227
16643 -4.25569
16644 -4.66873
16645 -4.18294
16646 -4.64118
16648 -4.76672
16649 -4.22084
16650 -4.58717
16652 -4.6396
16656 -4.09471
16657 -3.54901
16658 -4.08543
16660 -3.89115
16664 -4.04555
16672 -4.60189
16673 -4.08407
16674 -4.59064
16676 -4.52126
16680 -4.55913
16688 -3.92965
16704 -4.5523
16705 -3.91906
16706 -4.54737
16708 -4.46281
16712 -4.56805
16720 -3.89936
16736 -4.42346
16768 -4.74926
16769 -4.24644
16770 -4.74815
16772 -4.67462
16776 -4.72282
16784 -4.10506
16800 -4.61785
16832 -4.56547
16896 -5.4308
16897 -4.83462
16898 -5.39458
16899 -4.81435
16900 -5.33566
16901 -4.78519
16902 -5.33278
16904 -5.4124
16905 -4.71941
16906 -5.16178
16908 -5.29022
16912 -4.74316
16913 -4.18487
16914 -4.72369
16916 -4.58291
16920 -4.67301
16928 -5.24642
16929 -4.61346
16930 -5.19991
16932 -5.21302
16936 -5.09546
16944 -4.56111
16960 -5.12694
16961 -4.42952
16962 -5.14484
16964 -5.09631
16968 -5.10282
16976 -4.52756
16992 -4.99245
17024 -5.37806
17025 -4.82289
17026 -5.4041
17028 -5.35727
17032 -5.30445
17040 -4.74578
17056 -5.20812
17088 -5.15809
17152 -4.38998
17153 -3.81462
17154 -4.36182
17156 -4.34095
17160 -4.31487
17168 -3.73893
17184 -4.22097
17216 -4.12882
17280 -4.4046
17408 -5.31126
17409 -4.88418
17410 -5.27762
17411 -4.89889
17412 -5.1333
17413 -4.81869
17414 -5.16075
17416 -5.26985
17417 -4.81838
17418 -5.05735
17420 -5.15593
17424 -4.46242
17425 -3.98184
17426 -4.45157
17428 -4.23977
17432 -4.46275
17440 -5.17266
17441 -4.68556
17442 -5.14698
17444 -5.03955
17448 -5.03588
17456 -4.31986
17472 -5.13954
17473 -4.57892
17474 -5.12344
17476 -5.09259
17480 -5.13398
17488 -4.30298
17504 -5.02254
17536 -5.22562
17537 -4.84625
17538 -5.29961
17540 -5.16889
17544 -5.25186
17552 -4.43139
17568 -5.13451
17600 -5.09673
17664 -4.30244
17665 -3.86009
17666 -4.26585
17668 -4.18384
17672 -4.24576
17680 -3.46107
17696 -4.13248
17728 -4.11164
17792 -4.27096
17920 -4.80209
17921 -4.35778
17922 -4.77562
17924 -4.7439
17928 -4.76664
17936 -3.99919
17952 -4.61427
17984 -4.65553
18048 -4.77272
18176 -3.79241
18432 -5.58763
18433 -4.99666
18434 -5.58261
18435 -4.96464
18436 -5.50614
18437 -4.99166
18438 -5.48092
18440 -5.2313
18441 -4.63392
18442 -5.04771
18444 -5.10978
18448 -4.93757
18449 -4.34601
18450 -4.86389
18452 -4.74748
18456 -4.4958
18464 -5.41252
18465 -4.84202
18466 -5.23176
18468 -5.40078
18472 -4.91669
18480 -4.73886
18496 -5.62571
18497 -4.96714
18498 -5.53846
18500 -5.41469
18504 -5.14538
18512 -4.88565
18528 -5.44931
18560 -5.62761
18561 -5.04349
18562 -5.54647
18564 -5.51442
18568 -5.20772
18576 -4.94607
18592 -5.46011
18624 -5.58083
18688 -4.61404
18689 -4.04569
18690 -4.51924
18692 -4.53868
18696 -4.21457
18704 -3.92917
18720 -4.45235
18752 -4.55347
18816 -4.6232
18944 -5.22635
18945 -4.58155
18946 -5.0894
18948 -5.17618
18952 -4.76878
18960 -4.55188
18976 -4.98938
19008 -5.11569
19072 -5.24391
19200 -4.20914
19456 -5.16045
19457 -4.68776
19458 -5.08505
19460 -5.07519
19464 -4.76115
19472 -4.32896
19488 -5.01848
19520 -5.19129
19584 -5.16889
19712 -4.14059
19968 -4.67909
20480 -5.73974
20481 -5.27346
20482 -5.70646
20483 -5.22923
20484 -5.66817
20485 -5.18527
20486 -5.61603
20487 -5.1031
20488 -5.71388
20489 -5.2399
20490 -5.6285
20491 -5.0584
20492 -5.61913
20493 -5.12747
20494 -5.45933
20496 -5.01973
20497 -4.58132
20498 -5.06456
20499 -4.55806
20500 -4.90935
20501 -4.35981
20502 -4.89033
20504 -5.0783
20505 -4.4855
20506 -4.86622
20508 -4.85725
20512 -5.6285
20513 -5.13079
20514 -5.59632
20515 -5.077
20516 -5.50414
20517 -5.05004
20518 -5.52642
20520 -5.64913
20521 -4.98882
20522 -5.25081
20524 -5.45896
20528 -4.97179
20529 -4.41
20530 -4.91573
20532 -4.76421
20536 -4.89017
20544 -5.57085
20545 -4.92942
20546 -5.61286
20547 -4.96104
20548 -5.49029
20549 -4.8213
20550 -5.44391
20552 -5.5391
20553 -4.92369
20554 -5.46533
20556 -5.44421
20560 -4.87241
20561 -4.23474
20562 -4.90918
20564 -4.6928
20568 -4.87015
20576 -5.42482
20577 -4.82921
20578 -5.47509
20580 -5.34196
20584 -5.44134
20592 -4.77589
20608 -5.73446
20609 -5.30233
20610 -5.75044
20611 -5.2032
20612 -5.69572
20613 -5.15245
20614 -5.66119
20616 -5.66608
20617 -5.1552
20618 -5.59879
20620 -5.66238
20624 -5.06074
20625 -4.53389
20626 -5.10542
20628 -4.88585
20632 -5.08604
20640 -5.63607
20641 -5.09109
20642 -5.57662
20644 -5.52636
20648 -5.54025
20656 -4.91789
20672 -5.49978
20673 -4.90799
20674 -5.57872
20676 -5.48356
20680 -5.52218
20688 -4.90246
20704 -5.47008
20736 -4.75003
20737 -4.27304
20738 -4.72551
20739 -4.2553
20740 -4.68082
20741 -4.17442
20742 -4.66416
20744 -4.7042
20745 -4.20553
20746 -4.58584
20748 -4.61532
20752 -4.09965
20753 -3.56196
20754 -4.07042
20756 -3.88224
20760 -4.04753
20768 -4.60785
20769 -4.09866
20770 -4.60788
20772 -4.5296
20776 -4.54615
20784 -3.93766
20800 -4.53648
20801 -3.91845
20802 -4.58568
20804 -4.46069
20808 -4.53897
20816 -3.88644
20832 -4.45115
20864 -4.7487
20865 -4.22805
20866 -4.76391
20868 -4.71308
20872 -4.68804
20880 -4.06873
20896 -4.64506
20928 -4.51003
20992 -5.3494
20993 -4.81959
20994 -5.37766
20995 -4.81861
20996 -5.34179
20997 -4.77773
20998 -5.31777
21000 -5.30597
21001 -4.7262
21002 -5.13562
21004 -5.33372
21008 -4.73651
21009 -4.17544
21010 -4.73292
21012 -4.58172
21016 -4.72566
21024 -5.20036
21025 -4.58806
21026 -5.20569
21028 -5.20406
21032 -5.09259
21040 -4.5923
21056 -5.12853
21057 -4.4371
21058 -5.10665
21060 -5.14718
21064 -5.1734
21072 -4.51408
21088 -4.96968
21120 -5.41322
21121 -4.82863
21122 -5.34671
21124 -5.44997
21128 -5.34453
21136 -4.7466
21152 -5.23363
21184 -5.14771
21248 -4.3655
21249 -3.82656
21250 -4.37792
21252 -4.3638
21256 -4.30935
21264 -3.74208
21280 -4.21062
21312 -4.1312
21376 -4.39388
21504 -5.26201
21505 -4.87374
21506 -5.31613
21507 -4.85013
21508 -5.19421
21509 -4.76945
21510 -5.13896
21512 -5.26038
21513 -4.78861
21514 -5.10173
21516 -5.1348
21520 -4.47029
21521 -3.99299
21522 -4.47112
21524 -4.23357
21528 -4.41026
21536 -5.13979
21537 -4.70165
21538 -5.10107
21540 -5.04926
21544 -5.09569
21552 -4.31961
21568 -5.15569
21569 -4.59429
21570 -5.10679
21572 -5.02205
21576 -5.16884
21584 -4.29027
21600 -5.02013
21632 -5.30526
21633 -4.86481
21634 -5.2654
21636 -5.1637
21640 -5.24297
21648 -4.44778
21664 -5.15265
21696 -5.11612
21760 -4.25427
21761 -3.85841
21762 -4.28294
21764 -4.18262
21768 -4.25996
21776 -3.45467
21792 -4.14625
21824 -4.11795
21888 -4.29032
22016 -4.79371
22017 -4.41219
22018 -4.78401
22020 -4.73018
22024 -4.7378
22032 -3.97906
22048 -4.57767
22080 -4.61101
22144 -4.79005
22272 -3.80086
22528 -5.58485
22529 -5.0515
22530 -5.45975
22531 -4.97114
22532 -5.51222
22533 -4.96963
22534 -5.46905
22536 -5.17902
22537 -4.65439
22538 -5.00604
22540 -5.12579
22544 -4.98263
22545 -4.39284
22546 -4.86385
22548 -4.74989
22552 -4.51672
22560 -5.41064
22561 -4.80328
22562 -5.19068
22564 -5.35265
22568 -4.8555
22576 -4.75463
22592 -5.51486
22593 -4.89209
22594 -5.48763
22596 -5.4606
22600 -5.12377
22608 -4.89303
22624 -5.44361
22656 -5.63054
22657 -5.04312
22658 -5.55628
22660 -5.50771
22664 -5.24893
22672 -4.93454
22688 -5.4914
22720 -5.57669
22784 -4.59689
22785 -4.03647
22786 -4.54018
22788 -4.51367
22792 -4.19844
22800 -3.94561
22816 -4.44448
22848 -4.59596
22912 -4.60152
23040 -5.19622
23041 -4.56007
23042 -5.16592
23044 -5.13911
23048 -4.80205
23056 -4.57236
23072 -4.99644
23104 -5.17077
23168 -5.15755
23296 -4.178
23552 -5.19028
23553 -4.71503
23554 -5.0964
23556 -5.11368
23560 -4.75163
23568 -4.33739
23584 -4.94311
23616 -5.15392
23680 -5.16741
23808 -4.16578
24064 -4.67568
24576 -5.79895
24577 -5.23052
24578 -5.79444
24579 -5.29032
24580 -5.62986
24581 -5.14703
24582 -5.68953
24583 -5.17057
24584 -5.74173
24585 -5.20239
24586 -5.57984
24587 -5.03521
24588 -5.6709
24589 -5.11002
24590 -5.51606
24592 -5.09297
24593 -4.56296
24594 -5.09142
24595 -4.55021
24596 -4.88001
24597 -4.37809
24598 -4.86017
24600 -5.05629
24601 -4.49156
24602 -4.91952
24604 -4.83682
24608 -5.62741
24609 -5.08007
24610 -5.61474
24611 -5.09452
24612 -5.52098
24613 -4.97521
24614 -5.56153
24616 -5.52294
24617 -4.98454
24618 -5.26847
24620 -5.48837
24624 -4.89876
24625 -4.41589
24626 -4.92519
24628 -4.76837
24632 -4.90053
24640 -5.54763
24641 -4.89421
24642 -5.49468
24643 -4.90881
24644 -5.44541
24645 -4.87301
24646 -5.53469
24648 -5.60005
24649 -4.93261
24650 -5.40766
24652 -5.50589
24656 -4.90123
24657 -4.26426
24658 -4.88317
24660 -4.69155
24664 -4.9098
24672 -5.42063
24673 -4.81959
24674 -5.49648
24676 -5.34676
24680 -5.45034
24688 -4.76983
24704 -5.76219
24705 -5.25501
24706 -5.79421
24707 -5.27853
24708 -5.68174
24709 -5.17375
24710 -5.65362
24712 -5.72548
24713 -5.17544
24714 -5.58763
24716 -5.68485
24720 -5.06926
24721 -4.55301
24722 -5.07602
24724 -4.88195
24728 -5.06779
24736 -5.61744
24737 -5.09438
24738 -5.63163
24740 -5.56023
24744 -5.55544
24752 -4.92841
24768 -5.59832
24769 -4.90057
24770 -5.567
24772 -5.44793
24776 -5.55829
24784 -4.87814
24800 -5.394
24832 -4.75779
24833 -4.22738
24834 -4.72464
24835 -4.25632
24836 -4.66786
24837 -4.15588
24838 -4.64513
24840 -4.73982
24841 -4.22174
24842 -4.5684
24844 -4.61037
24848 -4.08585
24849 -3.5782
24850 -4.07523
24852 -3.87776
24856 -4.02196
24864 -4.59223
24865 -4.08351
24866 -4.59799
24868 -4.55282
24872 -4.56283
24880 -3.93488
24896 -4.51994
24897 -3.90115
24898 -4.54712
24900 -4.45712
24904 -4.55489
24912 -3.90704
24928 -4.42606
24960 -4.75947
24961 -4.2442
24962 -4.76814
24964 -4.64954
24968 -4.72235
24976 -4.06977
24992 -4.60202
25024 -4.5447
25088 -5.41275
25089 -4.83997
25090 -5.33833
25091 -4.75571
25092 -5.36281
25093 -4.77291
25094 -5.36309
25096 -5.31701
25097 -4.74062
25098 -5.2034
25100 -5.27709
25104 -4.78163
25105 -4.20576
25106 -4.72268
25108 -4.5869
25112 -4.70162
25120 -5.18842
25121 -4.62754
25122 -5.14416
25124 -5.1606
25128 -5.09137
25136 -4.587
25152 -5.14027
25153 -4.44469
25154 -5.11669
25156 -5.09044
25160 -5.17733
25168 -4.51915
25184 -4.99459
25216 -5.42825
25217 -4.83446
25218 -5.42766
25220 -5.31646
25224 -5.36038
25232 -4.74132
25248 -5.22882
25280 -5.10542
25344 -4.39128
25345 -3.81986
25346 -4.38391
25348 -4.3471
25352 -4.32857
25360 -3.74283
25376 -4.21029
25408 -4.13644
25472 -4.41131
25600 -5.29826
25601 -4.86353
25602 -5.28002
25603 -4.87697
25604 -5.17783
25605 -4.78087
25606 -5.15593
25608 -5.31153
25609 -4.79551
25610 -5.11865
25612 -5.14996
25616 -4.4695
25617 -3.97352
25618 -4.46378
25620 -4.2305
25624 -4.42263
25632 -5.1174
25633 -4.68241
25634 -5.17733
25636 -5.03471
25640 -5.1349
25648 -4.30954
25664 -5.11259
25665 -4.59326
25666 -5.13819
25668 -5.02855
25672 -5.1377
25680 -4.2897
25696 -5.00503
25728 -5.28506
25729 -4.87209
25730 -5.2819
25732 -5.22712
25736 -5.23275
25744 -4.46999
25760 -5.1393
25792 -5.12819
25856 -4.26436
25857 -3.85833
25858 -4.29237
25860 -4.16341
25864 -4.28056
25872 -3.45892
25888 -4.1394
25920 -4.16094
25984 -4.30189
26112 -4.776
26113 -4.3912
26114 -4.77705
26116 -4.72468
26120 -4.74136
26128 -3.97335
26144 -4.63272
26176 -4.6302
26240 -4.80933
26368 -3.78764
26624 -5.63129
26625 -5.06672
26626 -5.50646
26627 -4.96572
26628 -5.52585
26629 -4.96524
26630 -5.40889
26632 -5.23357
26633 -4.64913
26634 -5.02348
26636 -5.12651
26640 -4.93736
26641 -4.35812
26642 -4.81454
26644 -4.77532
26648 -4.53855
26656 -5.41498
26657 -4.81904
26658 -5.22655
26660 -5.36808
26664 -4.88045
26672 -4.7319
26688 -5.57256
26689 -4.91802
26690 -5.46139
26692 -5.48683
26696 -5.15402
26704 -4.91005
26720 -5.44541
26752 -5.59692
26753 -5.04562
26754 -5.58472
26756 -5.54853
26760 -5.16948
26768 -4.92762
26784 -5.4528
26816 -5.53189
26880 -4.59028
26881 -4.05152
26882 -4.52928
26884 -4.52493
26888 -4.19491
26896 -3.9526
26912 -4.42609
26944 -4.57374
27008 -4.62455
27136 -5.22928
27137 -4.58449
27138 -5.0744
27140 -5.15976
27144 -4.78038
27152 -4.59979
27168 -4.96864
27200 -5.14367
27264 -5.22408
27392 -4.211
27648 -5.13127
27649 -4.67938
27650 -5.11975
27652 -5.05698
27656 -4.75222
27664 -4.3499
27680 -5.01416
27712 -5.11578
27776 -5.16854
27904 -4.1797
28160 -4.67698
28672 -5.67385
28673 -5.27288
28674 -5.77464
28675 -5.21603
28676 -5.71684
28677 -5.18492
28678 -5.63457
28679 -5.16198
28680 -5.75103
28681 -5.20092
28682 -5.56134
28683 -5.04095
28684 -5.5832
28685 -5.09334
28686 -5.4563
28688 -5.11659
28689 -4.576
28690 -5.05446
28691 -4.54426
28692 -4.90172
28693 -4.39826
28694 -4.86545
28696 -5.06332
28697 -4.52801
28698 -4.94769
28700 -4.83824
28704 -5.57958
28705 -5.08725
28706 -5.58472
28707 -5.06742
28708 -5.49791
28709 -4.98816
28710 -5.52909
28712 -5.56277
28713 -4.98232
28714 -5.32327
28716 -5.44829
28720 -4.8839
28721 -4.3944
28722 -4.93812
28724 -4.75007
28728 -4.88341
28736 -5.60172
28737 -4.9493
28738 -5.57085
28739 -4.90464
28740 -5.45504
28741 -4.85427
28742 -5.50396
28744 -5.57748
28745 -4.92753
28746 -5.43353
28748 -5.47411
28752 -4.90666
28753 -4.25666
28754 -4.90848
28756 -4.69711
28760 -4.90147
28768 -5.42281
28769 -4.81706
28770 -5.51858
28772 -5.38219
28776 -5.49128
28784 -4.74615
28800 -5.74261
28801 -5.31137
28802 -5.73519
28803 -5.25128
28804 -5.67533
28805 -5.17658
28806 -5.61819
28808 -5.79543
28809 -5.22965
28810 -5.55234
28812 -5.59599
28816 -5.10154
28817 -4.57636
28818 -5.09217
28820 -4.89712
28824 -5.02415
28832 -5.583
28833 -5.1013
28834 -5.56453
28836 -5.50815
28840 -5.60299
28848 -4.96335
28864 -5.56883
28865 -4.89942
28866 -5.46509
28868 -5.43829
28872 -5.55926
28880 -4.91847
28896 -5.40965
28928 -4.76882
28929 -4.25105
28930 -4.83101
28931 -4.22228
28932 -4.67245
28933 -4.1655
28934 -4.68659
28936 -4.72486
28937 -4.21669
28938 -4.56511
28940 -4.62887
28944 -4.07389
28945 -3.57354
28946 -4.05648
28948 -3.88343
28952 -4.05282
28960 -4.6134
28961 -4.08023
28962 -4.62367
28964 -4.52284
28968 -4.54966
28976 -3.93945
28992 -4.59859
28993 -3.91654
28994 -4.56821
28996 -4.44475
29000 -4.56762
29008 -3.90112
29024 -4.44475
29056 -4.76522
29057 -4.2578
29058 -4.77498
29060 -4.66639
29064 -4.71442
29072 -4.08929
29088 -4.61306
29120 -4.55108
29184 -5.36865
29185 -4.79826
29186 -5.39945
29187 -4.791
29188 -5.35789
29189 -4.78998
29190 -5.29523
29192 -5.35541
29193 -4.75344
29194 -5.16439
29196 -5.29653
29200 -4.75078
29201 -4.18302
29202 -4.73901
29204 -4.55816
29208 -4.68925
29216 -5.25527
29217 -4.62177
29218 -5.19481
29220 -5.14391
29224 -5.08267
29232 -4.56111
29248 -5.09029
29249 -4.47326
29250 -5.13161
29252 -5.10405
29256 -5.12305
29264 -4.50802
29280 -4.99837
29312 -5.42961
29313 -4.82328
29314 -5.38656
29316 -5.31777
29320 -5.3192
29328 -4.72726
29344 -5.20345
29376 -5.13756
29440 -4.38495
29441 -3.80511
29442 -4.38058
29444 -4.35044
29448 -4.33017
29456 -3.74383
29472 -4.1884
29504 -4.11927
29568 -4.38133
29696 -5.33378
29697 -4.84811
29698 -5.26693
29699 -4.86758
29700 -5.18847
29701 -4.79948
29702 -5.16356
29704 -5.26942
29705 -4.83054
29706 -5.11922
29708 -5.18362
29712 -4.47601
29713 -4.01425
29714 -4.46196
29716 -4.22316
29720 -4.41789
29728 -5.1268
29729 -4.70423
29730 -5.11707
29732 -5.07435
29736 -5.05849
29744 -4.31703
29760 -5.12853
29761 -4.5804
29762 -5.10353
29764 -5.01265
29768 -5.10831
29776 -4.29929
29792 -4.99148
29824 -5.28882
29825 -4.85363
29826 -5.27362
29828 -5.16622
29832 -5.28677
29840 -4.43083
29856 -5.13693
29888 -5.12848
29952 -4.31298
29953 -3.86668
29954 -4.27277
29956 -4.18097
29960 -4.286
29968 -3.46702
29984 -4.1333
30016 -4.11535
30080 -4.30581
30208 -4.76447
30209 -4.37349
30210 -4.80117
30212 -4.73362
30216 -4.73868
30224 -3.98289
30240 -4.62398
30272 -4.64197
30336 -4.79776
30464 -3.78754
30720 -5.61218
30721 -5.01607
30722 -5.52275
30723 -4.93084
30724 -5.52427
30725 -4.9879
30726 -5.41915
30728 -5.20457
30729 -4.61437
30730 -5.03354
30732 -5.1105
30736 -4.92181
30737 -4.37116
30738 -4.83
30740 -4.73706
30744 -4.54182
30752 -5.41134
30753 -4.82703
30754 -5.24433
30756 -5.34201
30760 -4.90584
30768 -4.73168
30784 -5.54872
30785 -4.91059
30786 -5.471
30788 -5.45981
30792 -5.14679
30800 -4.90473
30816 -5.46631
30848 -5.56264
30849 -5.06866
30850 -5.51934
30852 -5.48936
30856 -5.24501
30864 -5.01229
30880 -5.42517
30912 -5.55511
30976 -4.65723
30977 -4.02729
30978 -4.53061
30980 -4.52151
30984 -4.20432
30992 -3.94427
31008 -4.45754
31040 -4.5687
31104 -4.62666
31232 -5.23445
31233 -4.57524
31234 -5.12838
31236 -5.23352
31240 -4.72978
31248 -4.60299
31264 -5.02259
31296 -5.11002
31360 -5.2399
31488 -4.20546
31744 -5.17494
31745 -4.69326
31746 -5.06428
31748 -5.07019
31752 -4.76803
31760 -4.32782
31776 -5.05707
31808 -5.1305
31872 -5.17048
32000 -4.1639
32256 -4.66506
32768 -5.77728
32769 -5.25569
32770 -5.78378
32771 -5.21803
32772 -5.61778
32773 -5.15534
32774 -5.63299
32775 -5.16454
32776 -5.69536
32777 -5.24115
32778 -5.55576
32779 -5.01149
32780 -5.63675
32781 -5.11965
32782 -5.51537
32784 -5.09109
32785 -4.56023
32786 -5.09372
32787 -4.55499
32788 -4.83938
32789 -4.37689
32790 -4.86265
32792 -5.05022
32793 -4.52528
32794 -4.8457
32796 -4.85228
32800 -5.61609
32801 -5.05804
32802 -5.58875
32803 -5.07278
32804 -5.53801
32805 -4.97214
32806 -5.49282
32808 -5.51015
32809 -4.98119
32810 -5.27091
32812 -5.43812
32816 -4.90584
32817 -4.40404
32818 -4.91565
32820 -4.72646
32824 -4.86277
32832 -5.53297
32833 -4.88919
32834 -5.5515
32835 -4.89376
32836 -5.48301
32837 -4.82293
32838 -5.45094
32840 -5.61245
32841 -4.92047
32842 -5.42139
32844 -5.52332
32848 -4.89156
32849 -4.24571
32850 -4.88528
32852 -4.69305
32856 -4.91868
32864 -5.43788
32865 -4.83066
32866 -5.49196
32868 -5.31915
32872 -5.44188
32880 -4.81435
32896 -5.78318
32897 -5.25595
32898 -5.77043
32899 -5.20955
32900 -5.65869
32901 -5.16129
32902 -5.64437
32904 -5.73387
32905 -5.1528
32906 -5.59699
32908 -5.66036
32912 -5.11083
32913 -4.5914
32914 -5.08002
32916 -4.87507
32920 -5.00688
32928 -5.61589
32929 -5.11026
32930 -5.61609
32932 -5.53049
32936 -5.52928
32944 -4.96365
32960 -5.57223
32961 -4.93072
32962 -5.60172
32964 -5.49264
32968 -5.60146
32976 -4.87527
32992 -5.43472
33024 -4.76022
33025 -4.24269
33026 -4.76447
33027 -4.24545
33028 -4.63628
33029 -4.16625
33030 -4.65747
33032 -4.75846
33033 -4.21915
33034 -4.56511
33036 -4.65449
33040 -4.08128
33041 -3.56894
33042 -4.05613
33044 -3.88693
33048 -4.03032
33056 -4.63224
33057 -4.09313
33058 -4.65003
33060 -4.55156
33064 -4.57882
33072 -3.91787
33088 -4.54966
33089 -3.91279
33090 -4.59267
33092 -4.48732
33096 -4.56108
33104 -3.88055
33120 -4.46309
33152 -4.75686
33153 -4.24561
33154 -4.78872
33156 -4.66057
33160 -4.7323
33168 -4.0716
33184 -4.6193
33216 -4.56942
33280 -5.41111
33281 -4.84601
33282 -5.35976
33283 -4.79665
33284 -5.3385
33285 -4.74471
33286 -5.32968
33288 -5.32945
33289 -4.73018
33290 -5.12415
33292 -5.29577
33296 -4.72257
33297 -4.14693
33298 -4.74309
33300 -4.57301
33304 -4.70581
33312 -5.24924
33313 -4.63265
33314 -5.15603
33316 -5.1552
33320 -5.08398
33328 -4.58912
33344 -5.12396
33345 -4.45543
33346 -5.11793
33348 -5.0932
33352 -5.15726
33360 -4.49397
33376 -5.01785
33408 -5.40026
33409 -4.81238
33410 -5.37235
33412 -5.31148
33416 -5.31164
33424 -4.75835
33440 -5.22815
33472 -5.15932
33536 -4.37901
33537 -3.82287
33538 -4.37918
33540 -4.33364
33544 -4.32509
33552 -3.73768
33568 -4.22398
33600 -4.14849
33664 -4.38541
33792 -5.29092
33793 -4.90172
33794 -5.30016
33795 -4.88565
33796 -5.17395
33797 -4.7601
33798 -5.15211
33800 -5.20843
33801 -4.84218
33802 -5.10168
33804 -5.15745
33808 -4.4538
33809 -4.01483
33810 -4.46005
33812 -4.23521
33816 -4.41789
33824 -5.1503
33825 -4.70743
33826 -5.13911
33828 -5.01336
33832 -5.11793
33840 -4.31189
33856 -5.10841
33857 -4.59486
33858 -5.12066
33860 -5.07023
33864 -5.10627
33872 -4.28914
33888 -5.02868
33920 -5.27197
33921 -4.90427
33922 -5.30368
33924 -5.21634
33928 -5.29075
33936 -4.45061
33952 -5.14591
33984 -5.12814
34048 -4.28366
34049 -3.85226
34050 -4.29035
34052 -4.18674
34056 -4.27837
34064 -3.47624
34080 -4.13828
34112 -4.14601
34176 -4.28366
34304 -4.7629
34305 -4.39125
34306 -4.78579
34308 -4.73281
34312 -4.74088
34320 -3.96765
34336 -4.61849
34368 -4.65446
34432 -4.80248
34560 -3.77958
34816 -5.60273
34817 -5.01416
34818 -5.54332
34819 -4.92883
34820 -5.53935
34821 -4.94302
34822 -5.43859
34824 -5.2248
34825 -4.63463
34826 -5.00189
34828 -5.10803
34832 -4.9559
34833 -4.3846
34834 -4.8781
34836 -4.73923
34840 -4.54972
34848 -5.40918
34849 -4.8152
34850 -5.22624
34852 -5.33472
34856 -4.86577
34864 -4.74468
34880 -5.5807
34881 -4.92515
34882 -5.49022
34884 -5.53182
34888 -5.13538
34896 -4.86626
34912 -5.52401
34944 -5.61603
34945 -5.13388
34946 -5.52979
34948 -5.48843
34952 -5.20148
34960 -5.00445
34976 -5.4606
35008 -5.58617
35072 -4.62154
35073 -4.04254
35074 -4.55511
35076 -4.5193
35080 -4.22236
35088 -3.94601
35104 -4.42878
35136 -4.55877
35200 -4.59656
35328 -5.25774
35329 -4.59785
35330 -5.08763
35332 -5.19849
35336 -4.79196
35344 -4.58842
35360 -5.0052
35392 -5.11297
35456 -5.30624
35584 -4.21908
35840 -5.17828
35841 -4.66444
35842 -5.12766
35844 -5.09923
35848 -4.75445
35856 -4.33672
35872 -4.99297
35904 -5.1307
35968 -5.19547
36096 -4.18239
36352 -4.67185
36864 -5.70926
36865 -5.24214
36866 -5.77698
36867 -5.223
36868 -5.68754
36869 -5.13751
36870 -5.66559
36871 -5.155
36872 -5.73989
36873 -5.19511
36874 -5.53731
36875 -5.02715
36876 -5.67062
36877 -5.09843
36878 -5.52604
36880 -5.0658
36881 -4.5439
36882 -5.09937
36883 -4.55127
36884 -4.9072
36885 -4.36148
36886 -4.89115
36888 -5.02886
36889 -4.47693
36890 -4.88528
36892 -4.82441
36896 -5.67294
36897 -5.06612
36898 -5.63259
36899 -5.04294
36900 -5.49878
36901 -4.99543
36902 -5.48707
36904 -5.56283
36905 -4.93644
36906 -5.27751
36908 -5.4629
36912 -4.95689
36913 -4.38044
36914 -4.9366
36916 -4.74941
36920 -4.88813
36928 -5.54705
36929 -4.94684
36930 -5.58776
36931 -4.8979
36932 -5.40614
36933 -4.87301
36934 -5.51065
36936 -5.59532
36937 -4.96907
36938 -5.43115
36940 -5.49183
36944 -4.86365
36945 -4.27402
36946 -4.8918
36948 -4.70732
36952 -4.92603
36960 -5.49617
36961 -4.81451
36962 -5.46752
36964 -5.31131
36968 -5.47362
36976 -4.77028
36992 -5.79719
36993 -5.21987
36994 -5.72271
36995 -5.20945
36996 -5.57459
36997 -5.15971
36998 -5.69195
37000 -5.76788
37001 -5.21741
37002 -5.63587
37004 -5.6637
37008 -5.12463
37009 -4.59815
37010 -5.07088
37012 -4.87164
37016 -5.02814
37024 -5.59579
37025 -5.08926
37026 -5.62218
37028 -5.49208
37032 -5.55511
37040 -4.93059
37056 -5.53488
37057 -4.90061
37058 -5.56179
37060 -5.45058
37064 -5.58578
37072 -4.87988
37088 -5.49897
37120 -4.76033
37121 -4.26932
37122 -4.77332
37123 -4.24537
37124 -4.67396
37125 -4.19259
37126 -4.65574
37128 -4.7312
37129 -4.18963
37130 -4.56488
37132 -4.62259
37136 -4.08319
37137 -3.56641
37138 -4.06148
37140 -3.87124
37144 -4.04145
37152 -4.62242
37153 -4.08186
37154 -4.61178
37156 -4.50677
37160 -4.52534
37168 -3.93191
37184 -4.52826
37185 -3.90819
37186 -4.56544
37188 -4.45031
37192 -4.57879
37200 -3.89272
37216 -4.43913
37248 -4.76324
37249 -4.25383
37250 -4.77415
37252 -4.65017
37256 -4.72017
37264 -4.07116
37280 -4.61974
37312 -4.55505
37376 -5.45238
37377 -4.81924
37378 -5.37875
37379 -4.78344
37380 -5.30303
37381 -4.77144
37382 -5.30722
37384 -5.31766
37385 -4.75872
37386 -5.15888
37388 -5.27858
37392 -4.72916
37393 -4.18755
37394 -4.76104
37396 -4.57925
37400 -4.69586
37408 -5.24537
37409 -4.61559
37410 -5.21552
37412 -5.17137
37416 -5.11979
37424 -4.55858
37440 -5.16242
37441 -4.43865
37442 -5.12949
37444 -5.12348
37448 -5.07895
37456 -4.52142
37472 -5.00892
37504 -5.42937
37505 -4.81745
37506 -5.34878
37508 -5.37755
37512 -5.33311
37520 -4.72101
37536 -5.20345
37568 -5.09857
37632 -4.37912
37633 -3.82724
37634 -4.3555
37636 -4.34313
37640 -4.3164
37648 -3.74902
37664 -4.20708
37696 -4.11726
37760 -4.40451
37888 -5.26545
37889 -4.84688
37890 -5.28056
37891 -4.86895
37892 -5.21521
37893 -4.76055
37894 -5.15996
37896 -5.27586
37897 -4.86257
37898 -5.088
37900 -5.15064
37904 -4.47124
37905 -3.99113
37906 -4.43746
37908 -4.24699
37912 -4.43148
37920 -5.13557
37921 -4.69479
37922 -5.14202
37924 -5.07394
37928 -5.05826
37936 -4.29529
37952 -5.0973
37953 -4.59048
37954 -5.13979
37956 -4.99574
37960 -5.14567
37968 -4.28506
37984 -4.9956
38016 -5.27677
38017 -4.83938
38018 -5.30651
38020 -5.16282
38024 -5.29167
38032 -4.45582
38048 -5.16425
38080 -5.10173
38144 -4.28879
38145 -3.87096
38146 -4.28938
38148 -4.17072
38152 -4.25398
38160 -3.45516
38176 -4.11781
38208 -4.13581
38272 -4.27738
38400 -4.78538
38401 -4.38362
38402 -4.76316
38404 -4.72835
38408 -4.75835
38416 -3.99442
38432 -4.61532
38464 -4.61293
38528 -4.78998
38656 -3.80307
38912 -5.62693
38913 -5.02774
38914 -5.50664
38915 -4.90741
38916 -5.56466
38917 -4.94968
38918 -5.42057
38920 -5.19834
38921 -4.64754
38922 -5.0409
38924 -5.07974
38928 -4.93395
38929 -4.367
38930 -4.83694
38932 -4.75679
38936 -4.5137
38944 -5.44062
38945 -4.8557
38946 -5.19663
38948 -5.39036
38952 -4.87802
38960 -4.78462
38976 -5.57092
38977 -4.90745
38978 -5.49878
38980 -5.47877
38984 -5.17117
38992 -4.90526
39008 -5.51285
39040 -5.63895
39041 -5.03156
39042 -5.55499
39044 -5.53782
39048 -5.22526
39056 -4.91669
39072 -5.51128
39104 -5.50871
39168 -4.61084
39169 -4.03939
39170 -4.54673
39172 -4.56108
39176 -4.21087
39184 -3.94002
39200 -4.44964
39232 -4.59969
39296 -4.6372
39424 -5.21103
39425 -4.58809
39426 -5.05245
39428 -5.19748
39432 -4.81288
39440 -4.58733
39456 -5.0114
39488 -5.13877
39552 -5.18822
39680 -4.21514
39936 -5.24115
39937 -4.7163
39938 -5.0894
39940 -5.11188
39944 -4.75675
39952 -4.33015
39968 -5.02828
40000 -5.1305
40064 -5.17459
40192 -4.16311
40448 -4.67104
40960 -5.74497
40961 -5.22923
40962 -5.71698
40963 -5.22841
40964 -5.66775
40965 -5.16662
40966 -5.68344
40967 -5.15907
40968 -5.76152
40969 -5.20052
40970 -5.54159
40971 -5.04249
40972 -5.62265
40973 -5.08847
40974 -5.48954
40976 -5.09353
40977 -4.5759
40978 -5.0546
40979 -4.53724
40980 -4.89176
40981 -4.40361
40982 -4.90057
40984 -5.00706
40985 -4.51188
40986 -4.87297
40988 -4.83973
40992 -5.67427
40993 -5.08758
40994 -5.59546
40995 -5.0601
40996 -5.51411
40997 -5.00022
40998 -5.50596
41000 -5.55279
41001 -4.95855
41002 -5.2672
41004 -5.41745
41008 -4.97768
41009 -4.38354
41010 -4.93068
41012 -4.73369
41016 -4.85969
41024 -5.56225
41025 -4.89946
41026 -5.57419
41027 -4.93425
41028 -5.4623
41029 -4.88061
41030 -5.4811
41032 -5.59845
41033 -4.92298
41034 -5.4513
41036 -5.51732
41040 -4.85136
41041 -4.23637
41042 -4.90695
41044 -4.67846
41048 -4.88944
41056 -5.43335
41057 -4.83966
41058 -5.42487
41060 -5.33134
41064 -5.46521
41072 -4.77291
41088 -5.80202
41089 -5.20563
41090 -5.79604
41091 -5.24172
41092 -5.66852
41093 -5.19774
41094 -5.69494
41096 -5.68513
41097 -5.14144
41098 -5.60507
41100 -5.61893
41104 -5.07997
41105 -4.54963
41106 -5.06972
41108 -4.90263
41112 -5.02424
41120 -5.61124
41121 -5.07793
41122 -5.5924
41124 -5.49152
41128 -5.56218
41136 -4.93833
41152 -5.51398
41153 -4.95313
41154 -5.62822
41156 -5.44823
41160 -5.50652
41168 -4.89581
41184 -5.42381
41216 -4.77442
41217 -4.22002
41218 -4.76814
41219 -4.25996
41220 -4.65897
41221 -4.19036
41222 -4.66297
41224 -4.71135
41225 -4.20963
41226 -4.59333
41228 -4.62194
41232 -4.08069
41233 -3.56508
41234 -4.03747
41236 -3.88053
41240 -4.04956
41248 -4.60289
41249 -4.08997
41250 -4.60497
41252 -4.49723
41256 -4.558
41264 -3.93149
41280 -4.57262
41281 -3.91492
41282 -4.55117
41284 -4.45984
41288 -4.56703
41296 -3.91181
41312 -4.42119
41344 -4.81578
41345 -4.23433
41346 -4.74948
41348 -4.66137
41352 -4.6928
41360 -4.09323
41376 -4.61155
41408 -4.52604
41472 -5.38575
41473 -4.79017
41474 -5.4041
41475 -4.81873
41476 -5.30472
41477 -4.77781
41478 -5.3619
41480 -5.32968
41481 -4.71579
41482 -5.1393
41484 -5.32796
41488 -4.74228
41489 -4.19305
41490 -4.71912
41492 -4.61245
41496 -4.71315
41504 -5.21307
41505 -4.62462
41506 -5.21036
41508 -5.19431
41512 -5.13954
41520 -4.5323
41536 -5.10803
41537 -4.44107
41538 -5.12584
41540 -5.10215
41544 -5.08351
41552 -4.51474
41568 -4.95416
41600 -5.40375
41601 -4.84127
41602 -5.38426
41604 -5.33561
41608 -5.35643
41616 -4.74446
41632 -5.23259
41664 -5.06175
41728 -4.38756
41729 -3.81514
41730 -4.3825
41732 -4.34914
41736 -4.34668
41744 -3.72539
41760 -4.23311
41792 -4.14357
41856 -4.39777
41984 -5.30483
41985 -4.85196
41986 -5.23554
41987 -4.87201
41988 -5.18492
41989 -4.82523
41990 -5.20355
41992 -5.25333
41993 -4.84882
41994 -5.06899
41996 -5.13673
42000 -4.46649
42001 -3.98567
42002 -4.44826
42004 -4.25024
42008 -4.43332
42016 -5.14801
42017 -4.70843
42018 -5.09965
42020 -5.01442
42024 -5.05268
42032 -4.34131
42048 -5.14051
42049 -4.58766
42050 -5.17997
42052 -5.03205
42056 -5.16144
42064 -4.30225
42080 -4.99596
42112 -5.33439
42113 -4.88715
42114 -5.31531
42116 -5.1604
42120 -5.27863
42128 -4.43719
42144 -5.15755
42176 -5.10305
42240 -4.30035
42241 -3.84873
42242 -4.2554
42244 -4.14377
42248 -4.24342
42256 -3.47376
42272 -4.14034
42304 -4.12598
42368 -4.28589
42496 -4.78272
42497 -4.3927
42498 -4.81303
42500 -4.70592
42504 -4.77028
42512 -3.96329
42528 -4.64751
42560 -4.6167
42624 -4.76638
42752 -3.80102
43008 -5.593
43009 -5.05136
43010 -5.49357
43011 -4.96335
43012 -5.46024
43013 -5.02675
43014 -5.37121
43016 -5.28243
43017 -4.63648
43018 -5.05666
43020 -5.09438
43024 -4.91719
43025 -4.34528
43026 -4.84502
43028 -4.77178
43032 -4.52126
43040 -5.45082
43041 -4.82278
43042 -5.22069
43044 -5.32708
43048 -4.91345
43056 -4.73457
43072 -5.57505
43073 -4.91843
43074 -5.48043
43076 -5.47889
43080 -5.12925
43088 -4.87378
43104 -5.4408
43136 -5.67041
43137 -5.04004
43138 -5.54114
43140 -5.53852
43144 -5.25149
43152 -4.93568
43168 -5.51015
43200 -5.58373
43264 -4.59669
43265 -4.05045
43266 -4.53743
43268 -4.5494
43272 -4.23109
43280 -3.93888
43296 -4.42694
43328 -4.57547
43392 -4.63412
43520 -5.20178
43521 -4.57754
43522 -5.07923
43524 -5.19209
43528 -4.7983
43536 -4.60745
43552 -4.99289
43584 -5.13253
43648 -5.19743
43776 -4.21233
44032 -5.23145
44033 -4.67266
44034 -5.08412
44036 -5.10542
44040 -4.73974
44048 -4.33959
44064 -4.98371
44096 -5.1462
44160 -5.18057
44288 -4.16924
44544 -4.65935
45056 -5.73893
45057 -5.3088
45058 -5.70933
45059 -5.23233
45060 -5.63984
45061 -5.15814
45062 -5.66238
45063 -5.1361
45064 -5.73754
45065 -5.21736
45066 -5.6142
45067 -5.02868
45068 -5.62809
45069 -5.13176
45070 -5.53023
45072 -5.0789
45073 -4.54188
45074 -5.06281
45075 -4.56342
45076 -4.87863
45077 -4.38314
45078 -4.84609
45080 -5.03435
45081 -4.51134
45082 -4.88236
45084 -4.82067
45088 -5.593
45089 -5.10955
45090 -5.62612
45091 -5.05533
45092 -5.54673
45093 -5.0056
45094 -5.55053
45096 -5.54995
45097 -4.964
45098 -5.3064
45100 -5.46108
45104 -4.9246
45105 -4.36766
45106 -4.89286
45108 -4.73655
45112 -4.86173
45120 -5.5685
45121 -4.92716
45122 -5.47277
45123 -4.90481
45124 -5.46248
45125 -4.84621
45126 -5.48412
45128 -5.50608
45129 -4.97694
45130 -5.43686
45132 -5.55395
45136 -4.87479
45137 -4.24029
45138 -4.91047
45140 -4.68708
45144 -4.88646
45152 -5.46321
45153 -4.80274
45154 -5.43931
45156 -5.30178
45160 -5.47368
45168 -4.77838
45184 -5.81644
45185 -5.27976
45186 -5.77472
45187 -5.23042
45188 -5.70101
45189 -5.0997
45190 -5.73952
45192 -5.74143
45193 -5.20492
45194 -5.55395
45196 -5.67448
45200 -5.06391
45201 -4.58169
45202 -5.04585
45204 -4.88134
45208 -5.05049
45216 -5.65321
45217 -5.07213
45218 -5.58736
45220 -5.49146
45224 -5.58783
45232 -4.93421
45248 -5.52693
45249 -4.90642
45250 -5.52826
45252 -5.44499
45256 -5.54583
45264 -4.88948
45280 -5.41609
45312 -4.78788
45313 -4.25848
45314 -4.77834
45315 -4.24595
45316 -4.66929
45317 -4.16102
45318 -4.65366
45320 -4.69049
45321 -4.21542
45322 -4.56765
45324 -4.6052
45328 -4.06806
45329 -3.5578
45330 -4.07266
45332 -3.8764
45336 -4.06063
45344 -4.59999
45345 -4.08599
45346 -4.60648
45348 -4.50833
45352 -4.56319
45360 -3.93968
45376 -4.51581
45377 -3.91024
45378 -4.56488
45380 -4.46354
45384 -4.56407
45392 -3.90273
45408 -4.44829
45440 -4.78087
45441 -4.2559
45442 -4.76788
45444 -4.67406
45448 -4.72985
45456 -4.08994
45472 -4.58304
45504 -4.53354
45568 -5.37955
45569 -4.82445
45570 -5.33444
45571 -4.83458
45572 -5.34023
45573 -4.81912
45574 -5.31344
45576 -5.36224
45577 -4.74125
45578 -5.18667
45580 -5.28844
45584 -4.747
45585 -4.1774
45586 -4.72562
45588 -4.592
45592 -4.68478
45600 -5.19703
45601 -4.61515
45602 -5.18612
45604 -5.16835
45608 -5.08772
45616 -4.58538
45632 -5.1243
45633 -4.47809
45634 -5.08978
45636 -5.08814
45640 -5.15123
45648 -4.52979
45664 -5.01589
45696 -5.38196
45697 -4.79918
45698 -5.40078
45700 -5.31662
45704 -5.31937
45712 -4.73735
45728 -5.17117
45760 -5.11745
45824 -4.40871
45825 -3.83415
45826 -4.3811
45828 -4.36224
45832 -4.33037
45840 -3.76076
45856 -4.18344
45888 -4.11387
45952 -4.40457
46080 -5.30564
46081 -4.87201
46082 -5.32041
46083 -4.86461
46084 -5.20335
46085 -4.77751
46086 -5.193
46088 -5.25175
46089 -4.83985
46090 -5.16405
46092 -5.15471
46096 -4.44577
46097 -3.98845
46098 -4.44643
46100 -4.22465
46104 -4.43832
46112 -5.16213
46113 -4.71814
46114 -5.16583
46116 -4.99776
46120 -5.07458
46128 -4.31109
46144 -5.14942
46145 -4.59772
46146 -5.14163
46148 -4.99438
46152 -5.14294
46160 -4.30899
46176 -5.02877
46208 -5.25003
46209 -4.89123
46210 -5.26577
46212 -5.14889
46216 -5.25874
46224 -4.45052
46240 -5.14849
46272 -5.14061
46336 -4.30197
46337 -3.86077
46338 -4.28755
46340 -4.16872
46344 -4.26571
46352 -3.46092
46368 -4.14124
46400 -4.13702
46464 -4.31014
46592 -4.80117
46593 -4.37096
46594 -4.81265
46596 -4.7151
46600 -4.73622
46608 -3.99923
46624 -4.64582
46656 -4.66765
46720 -4.80029
46848 -3.78091
47104 -5.63491
47105 -5.04244
47106 -5.53871
47107 -4.96632
47108 -5.57288
47109 -4.96696
47110 -5.44152
47112 -5.21731
47113 -4.63303
47114 -5.03896
47116 -5.09283
47120 -4.93968
47121 -4.36394
47122 -4.86863
47124 -4.77966
47128 -4.54419
47136 -5.42186
47137 -4.79551
47138 -5.2266
47140 -5.40131
47144 -4.86021
47152 -4.78519
47168 -5.55958
47169 -4.92799
47170 -5.53565
47172 -5.49729
47176 -5.18913
47184 -4.92787
47200 -5.46345
47232 -5.56668
47233 -5.02406
47234 -5.52687
47236 -5.56485
47240 -5.17768
47248 -4.9655
47264 -5.40889
47296 -5.55414
47360 -4.58617
47361 -4.04821
47362 -4.52858
47364 -4.5466
47368 -4.22465
47376 -3.93996
47392 -4.43395
47424 -4.57551
47488 -4.60447
47616 -5.21133
47617 -4.53284
47618 -5.1292
47620 -5.16144
47624 -4.73343
47632 -4.58746
47648 -4.99776
47680 -5.11755
47744 -5.15848
47872 -4.19111
48128 -5.19698
48129 -4.66814
48130 -5.0956
48132 -5.05849
48136 -4.75899
48144 -4.34968
48160 -5.00786
48192 -5.13596
48256 -5.17147
48384 -4.16941
48640 -4.66018
49152 -5.74593
49153 -5.30521
49154 -5.7754
49155 -5.26571
49156 -5.66085
49157 -5.16494
49158 -5.61825
49159 -5.16667
49160 -5.71099
49161 -5.18167
49162 -5.62001
49163 -5.03805
49164 -5.62707
49165 -5.12339
49166 -5.46339
49168 -5.07876
49169 -4.55576
49170 -5.06047
49171 -4.57115
49172 -4.88691
49173 -4.38118
49174 -4.90514
49176 -5.06226
49177 -4.51839
49178 -4.90291
49180 -4.85622
49184 -5.59526
49185 -5.06051
49186 -5.63211
49187 -5.0694
49188 -5.47503
49189 -5.02877
49190 -5.53125
49192 -5.5486
49193 -4.96524
49194 -5.26059
49196 -5.4795
49200 -4.91158
49201 -4.40836
49202 -4.94429
49204 -4.74552
49208 -4.89303
49216 -5.52155
49217 -4.88679
49218 -5.5294
49219 -4.93623
49220 -5.43579
49221 -4.83954
49222 -5.52287
49224 -5.56166
49225 -4.99197
49226 -5.44325
49228 -5.46266
49232 -4.87976
49233 -4.26558
49234 -4.88728
49236 -4.70858
49240 -4.87201
49248 -5.49375
49249 -4.81819
49250 -5.45534
49252 -5.37595
49256 -5.41146
49264 -4.78906
49280 -5.76212
49281 -5.20655
49282 -5.77299
49283 -5.21664
49284 -5.68259
49285 -5.14066
49286 -5.67006
49288 -5.7346
49289 -5.18012
49290 -5.61468
49292 -5.65577
49296 -5.10017
49297 -4.5703
49298 -5.08431
49300 -4.8677
49304 -5.03178
49312 -5.59892
49313 -5.10703
49314 -5.63484
49316 -5.50165
49320 -5.57007
49328 -4.93471
49344 -5.54313
49345 -4.90543
49346 -5.53093
49348 -5.46479
49352 -5.59586
49360 -4.88736
49376 -5.47393
49408 -4.78121
49409 -4.26434
49410 -4.72377
49411 -4.25042
49412 -4.66147
49413 -4.1607
49414 -4.70298
49416 -4.75757
49417 -4.18222
49418 -4.60343
49420 -4.61245
49424 -4.08795
49425 -3.55579
49426 -4.08319
49428 -3.8837
49432 -4.0595
49440 -4.61175
49441 -4.08931
49442 -4.59406
49444 -4.55939
49448 -4.53514
49456 -3.94711
49472 -4.5367
49473 -3.9142
49474 -4.55887
49476 -4.43815
49480 -4.55822
49488 -3.90576
49504 -4.46087
49536 -4.77366
49537 -4.25396
49538 -4.77257
49540 -4.64758
49544 -4.73879
49552 -4.07644
49568 -4.60002
49600 -4.55566
49664 -5.40073
49665 -4.79941
49666 -5.35992
49667 -4.79241
49668 -5.3644
49669 -4.76507
49670 -5.33644
49672 -5.35395
49673 -4.76571
49674 -5.19068
49676 -5.30766
49680 -4.77547
49681 -4.1796
49682 -4.71434
49684 -4.59995
49688 -4.67322
49696 -5.24334
49697 -4.59845
49698 -5.17315
49700 -5.18958
49704 -5.06368
49712 -4.56423
49728 -5.15976
49729 -4.43228
49730 -5.12008
49732 -5.09975
49736 -5.16434
49744 -4.54721
49760 -5.00702
49792 -5.39261
49793 -4.80732
49794 -5.39858
49796 -5.31027
49800 -5.31268
49808 -4.74989
49824 -5.19224
49856 -5.15952
49920 -4.39536
49921 -3.7995
49922 -4.3852
49924 -4.35586
49928 -4.33161
49936 -3.73666
49952 -4.20437
49984 -4.14158
50048 -4.45543
50176 -5.26635
50177 -4.85993
50178 -5.27976
50179 -4.86053
50180 -5.17703
50181 -4.77487
50182 -5.14723
50184 -5.25485
50185 -4.81512
50186 -5.14859
50188 -5.132
50192 -4.43785
50193 -3.9881
50194 -4.45025
50196 -4.22287
50200 -4.43062
50208 -5.1484
50209 -4.72191
50210 -5.1464
50212 -5.00693
50216 -5.11545
50224 -4.28892
50240 -5.12761
50241 -4.58386
50242 -5.10713
50244 -5.03196
50248 -5.13171
50256 -4.30252
50272 -5.00348
50304 -5.29189
50305 -4.89168
50306 -5.33405
50308 -5.17231
50312 -5.20376
50320 -4.451
50336 -5.16775
50368 -5.15529
50432 -4.30948
50433 -3.87398
50434 -4.2686
50436 -4.19859
50440 -4.27679
50448 -3.44673
50464 -4.13681
50496 -4.11965
50560 -4.2773
50688 -4.82449
50689 -4.38311
50690 -4.78208
50692 -4.76537
50696 -4.76003
50704 -3.97527
50720 -4.59769
50752 -4.59399
50816 -4.77615
50944 -3.77594
51200 -5.59939
51201 -5.08538
51202 -5.53284
51203 -4.94671
51204 -5.56557
51205 -4.99284
51206 -5.46424
51208 -5.20498
51209 -4.64162
51210 -5.03841
51212 -5.09828
51216 -4.93698
51217 -4.35685
51218 -4.86734
51220 -4.74077
51224 -4.56082
51232 -5.45981
51233 -4.83446
51234 -5.27858
51236 -5.37549
51240 -4.84202
51248 -4.77951
51264 -5.54576
51265 -4.92197
51266 -5.51946
51268 -5.45648
51272 -5.17281
51280 -4.90815
51296 -5.50715
51328 -5.63334
51329 -5.03223
51330 -5.58624
51332 -5.53462
51336 -5.24172
51344 -4.89606
51360 -5.41381
51392 -5.53233
51456 -4.63446
51457 -4.04728
51458 -4.49097
51460 -4.4995
51464 -4.22761
51472 -3.92722
51488 -4.45305
51520 -4.56514
51584 -4.60611
51712 -5.19728
51713 -4.57849
51714 -5.12584
51716 -5.20426
51720 -4.8419
51728 -4.56749
51744 -5.01901
51776 -5.13364
51840 -5.23383
51968 -4.23065
52224 -5.16597
52225 -4.70391
52226 -5.0568
52228 -5.0499
52232 -4.73215
52240 -4.34976
52256 -5.02778
52288 -5.19068
52352 -5.19421
52480 -4.19602
52736 -4.66877
53248 -5.86589
53249 -5.23213
53250 -5.78121
53251 -5.19456
53252 -5.72017
53253 -5.12954
53254 -5.66071
53255 -5.18167
53256 -5.78151
53257 -5.23653
53258 -5.53724
53259 -5.05497
53260 -5.64004
53261 -5.0865
53262 -5.48973
53264 -5.07802
53265 -4.55343
53266 -5.02895
53267 -4.56472
53268 -4.89971
53269 -4.39296
53270 -4.87628
53272 -5.08025
53273 -4.47283
53274 -4.90588
53276 -4.87677
53280 -5.65349
53281 -5.04312
53282 -5.59812
53283 -5.05881
53284 -5.43859
53285 -5.02268
53286 -5.51266
53288 -5.53093
53289 -4.99424
53290 -5.29129
53292 -5.52041
53296 -4.91291
53297 -4.38834
53298 -4.92135
53300 -4.72337
53304 -4.80405
53312 -5.54686
53313 -4.92736
53314 -5.56668
53315 -4.94442
53316 -5.50103
53317 -4.86313
53318 -5.49941
53320 -5.59672
53321 -4.91444
53322 -5.42245
53324 -5.48073
53328 -4.88073
53329 -4.2603
53330 -4.9103
53332 -4.71341
53336 -4.9164
53344 -5.4646
53345 -4.77299
53346 -5.49444
53348 -5.37972
53352 -5.456
53360 -4.78076
53376 -5.72759
53377 -5.24522
53378 -5.73131
53379 -5.24016
53380 -5.66189
53381 -5.15187
53382 -5.68953
53384 -5.73563
53385 -5.19209
53386 -5.5484
53388 -5.59399
53392 -5.11292
53393 -4.57076
53394 -5.088
53396 -4.86049
53400 -5.02335
53408 -5.61913
53409 -5.09711
53410 -5.60086
53412 -5.47368
53416 -5.60313
53424 -4.94493
53440 -5.50252
53441 -4.94875
53442 -5.58657
53444 -5.43424
53448 -5.58103
53456 -4.88593
53472 -5.43412
53504 -4.80678
53505 -4.24165
53506 -4.76537
53507 -4.23975
53508 -4.6421
53509 -4.18137
53510 -4.66726
53512 -4.74235
53513 -4.17534
53514 -4.54345
53516 -4.67189
53520 -4.0595
53521 -3.56157
53522 -4.07554
53524 -3.90846
53528 -4.05783
53536 -4.59127
53537 -4.07366
53538 -4.63122
53540 -4.49763
53544 -4.56505
53552 -3.9294
53568 -4.55282
53569 -3.92827
53570 -4.55712
53572 -4.47527
53576 -4.5684
53584 -3.88935
53600 -4.46527
53632 -4.73175
53633 -4.2283
53634 -4.77939
53636 -4.66814
53640 -4.73967
53648 -4.06141
53664 -4.60025
53696 -4.57997
53760 -5.38719
53761 -4.83
53762 -5.33666
53763 -4.79207
53764 -5.31262
53765 -4.7349
53766 -5.33095
53768 -5.34447
53769 -4.71669
53770 -5.14552
53772 -5.31646
53776 -4.73248
53777 -4.18938
53778 -4.74368
53780 -4.61165
53784 -4.68964
53792 -5.23233
53793 -4.61852
53794 -5.19441
53796 -5.16968
53800 -5.11655
53808 -4.58839
53824 -5.13959
53825 -4.46054
53826 -5.12387
53828 -5.09447
53832 -5.19244
53840 -4.53074
53856 -4.99236
53888 -5.40265
53889 -4.79612
53890 -5.38253
53892 -5.33978
53896 -5.31574
53904 -4.76346
53920 -5.21194
53952 -5.14845
54016 -4.39137
54017 -3.80867
54018 -4.35507
54020 -4.35204
54024 -4.34758
54032 -3.73567
54048 -4.22544
54080 -4.13031
54144 -4.37187
54272 -5.28099
54273 -4.81582
54274 -5.2372
54275 -4.86626
54276 -5.15035
54277 -4.78246
54278 -5.15588
54280 -5.28892
54281 -4.81373
54282 -5.11693
54284 -5.14105
54288 -4.45495
54289 -4.0043
54290 -4.44394
54292 -4.2385
54296 -4.39565
54304 -5.14581
54305 -4.69893
54306 -5.14908
54308 -5.04231
54312 -5.10936
54320 -4.33739
54336 -5.12531
54337 -4.60416
54338 -5.17171
54340 -5.02527
54344 -5.14338
54352 -4.30187
54368 -4.99789
54400 -5.2981
54401 -4.82937
54402 -5.32769
54404 -5.1734
54408 -5.27378
54416 -4.46084
54432 -5.14825
54464 -5.13702
54528 -4.29545
54529 -3.88353
54530 -4.26492
54532 -4.16513
54536 -4.27826
54544 -3.45846
54560 -4.13357
54592 -4.12102
54656 -4.30157
54784 -4.76328
54785 -4.38615
54786 -4.80179
54788 -4.73087
54792 -4.75344
54800 -3.9623
54816 -4.63228
54848 -4.63484
54912 -4.78386
55040 -3.79396
55296 -5.60333
55297 -5.0449
55298 -5.55745
55299 -4.9772
55300 -5.56498
55301 -5.00866
55302 -5.42754
55304 -5.23032
55305 -4.64224
55306 -5.05886
55308 -5.14357
55312 -4.92736
55313 -4.35944
55314 -4.88386
55316 -4.71204
55320 -4.52595
55328 -5.41439
55329 -4.87859
55330 -5.27001
55332 -5.38116
55336 -4.88357
55344 -4.74881
55360 -5.57603
55361 -4.94862
55362 -5.53673
55364 -5.47944
55368 -5.12128
55376 -4.89647
55392 -5.50258
55424 -5.61785
55425 -5.02814
55426 -5.54185
55428 -5.54191
55432 -5.19119
55440 -4.9692
55456 -5.41058
55488 -5.5294
55552 -4.61731
55553 -4.05657
55554 -4.52088
55556 -4.54041
55560 -4.2097
55568 -3.93711
55584 -4.46792
55616 -4.59762
55680 -4.63902
55808 -5.17355
55809 -4.58432
55810 -5.10452
55812 -5.18767
55816 -4.76003
55824 -4.57374
55840 -4.99952
55872 -5.1085
55936 -5.17872
56064 -4.21462
56320 -5.16203
56321 -4.67536
56322 -5.10239
56324 -5.0706
56328 -4.77856
56336 -4.32145
56352 -5.01683
56384 -5.18802
56448 -5.19501
56576 -4.19852
56832 -4.66747
57344 -5.74305
57345 -5.23855
57346 -5.75973
57347 -5.28672
57348 -5.66573
57349 -5.19602
57350 -5.66754
57351 -5.1267
57352 -5.63881
57353 -5.19385
57354 -5.63272
57355 -5.04862
57356 -5.6742
57357 -5.11965
57358 -5.50165
57360 -5.04013
57361 -4.52332
57362 -5.10433
57363 -4.55719
57364 -4.88488
57365 -4.35837
57366 -4.86883
57368 -5.03982
57369 -4.52322
57370 -4.92218
57372 -4.87891
57376 -5.58525
57377 -5.07102
57378 -5.61461
57379 -5.07486
57380 -5.48967
57381 -5.03665
57382 -5.51656
57384 -5.57053
57385 -4.97694
57386 -5.29685
57388 -5.47033
57392 -4.93682
57393 -4.37801
57394 -4.93009
57396 -4.747
57400 -4.88813
57408 -5.5256
57409 -4.89164
57410 -5.55913
57411 -4.91831
57412 -5.45262
57413 -4.86101
57414 -5.5039
57416 -5.60694
57417 -4.92252
57418 -5.40772
57420 -5.47957
57424 -4.8809
57425 -4.25793
57426 -4.89712
57428 -4.70977
57432 -4.92644
57440 -5.43418
57441 -4.83592
57442 -5.47069
57444 -5.39186
57448 -5.49097
57456 -4.77464
57472 -5.6742
57473 -5.23145
57474 -5.68854
57475 -5.24725
57476 -5.63943
57477 -5.19834
57478 -5.63723
57480 -5.7308
57481 -5.22424
57482 -5.58816
57484 -5.63662
57488 -5.08805
57489 -4.55965
57490 -5.04476
57492 -4.92917
57496 -5.05049
57504 -5.60534
57505 -5.07199
57506 -5.71063
57508 -5.48418
57512 -5.53763
57520 -4.95364
57536 -5.4776
57537 -4.92444
57538 -5.61785
57540 -5.46284
57544 -5.60092
57552 -4.88589
57568 -5.42736
57600 -4.76309
57601 -4.28219
57602 -4.77607
57603 -4.24297
57604 -4.66252
57605 -4.16748
57606 -4.68492
57608 -4.74316
57609 -4.17952
57610 -4.57899
57612 -4.59962
57616 -4.09737
57617 -3.5686
57618 -4.08971
57620 -3.8943
57624 -4.0536
57632 -4.61054
57633 -4.09022
57634 -4.59609
57636 -4.51037
57640 -4.53967
57648 -3.92693
57664 -4.53916
57665 -3.91111
57666 -4.57988
57668 -4.45697
57672 -4.5779
57680 -3.89649
57696 -4.44697
57728 -4.73446
57729 -4.27559
57730 -4.73853
57732 -4.6644
57736 -4.70973
57744 -4.07609
57760 -4.60705
57792 -4.53785
57856 -5.43288
57857 -4.82484
57858 -5.36871
57859 -4.80371
57860 -5.35063
57861 -4.75694
57862 -5.31137
57864 -5.31454
57865 -4.75638
57866 -5.16741
57868 -5.34749
57872 -4.71276
57873 -4.15236
57874 -4.74077
57876 -4.57895
57880 -4.69059
57888 -5.19003
57889 -4.6272
57890 -5.17803
57892 -5.16805
57896 -5.13794
57904 -4.58347
57920 -5.17157
57921 -4.45031
57922 -5.10509
57924 -5.12176
57928 -5.13794
57936 -4.51924
57952 -5.01318
57984 -5.43395
57985 -4.7973
57986 -5.44032
57988 -5.32702
57992 -5.36746
58000 -4.75776
58016 -5.2424
58048 -5.14066
58112 -4.3993
58113 -3.81383
58114 -4.39495
58116 -4.33819
58120 -4.32669
58128 -3.72141
58144 -4.21967
58176 -4.14034
58240 -4.39605
58368 -5.27437
58369 -4.89684
58370 -5.31377
58371 -4.86822
58372 -5.17246
58373 -4.79367
58374 -5.17932
58376 -5.23187
58377 -4.87483
58378 -5.11898
58380 -5.16247
58384 -4.47048
58385 -3.96653
58386 -4.46372
58388 -4.23873
58392 -4.43698
58400 -5.13969
58401 -4.68563
58402 -5.16001
58404 -5.05095
58408 -5.06677
58416 -4.28882
58432 -5.13819
58433 -4.605
58434 -5.15245
58436 -5.02837
58440 -5.16395
58448 -4.31868
58464 -5.03286
58496 -5.28254
58497 -4.86493
58498 -5.28715
58500 -5.19966
58504 -5.23689
58512 -4.4417
58528 -5.15623
58560 -5.10993
58624 -4.28302
58625 -3.86261
58626 -4.2781
58628 -4.16264
58632 -4.27014
58640 -3.46236
58656 -4.14828
58688 -4.13601
58752 -4.2849
58880 -4.79169
58881 -4.37173
58882 -4.81489
58884 -4.71644
58888 -4.74656
58896 -3.96222
58912 -4.62059
58944 -4.62038
59008 -4.79902
59136 -3.80451
59392 -5.64865
59393 -5.0162
59394 -5.51574
59395 -4.96473
59396 -5.53916
59397 -4.99205
59398 -5.41568
59400 -5.21006
59401 -4.66206
59402 -5.0026
59404 -5.08235
59408 -4.92582
59409 -4.35004
59410 -4.83863
59412 -4.74915
59416 -4.5367
59424 -5.44475
59425 -4.84285
59426 -5.22521
59428 -5.39591
59432 -4.83875
59440 -4.75192
59456 -5.52598
59457 -4.91254
59458 -5.45395
59460 -5.42937
59464 -5.15059
59472 -4.88589
59488 -5.5557
59520 -5.64046
59521 -5.10931
59522 -5.53462
59524 -5.49922
59528 -5.17932
59536 -4.95181
59552 -5.42641
59584 -5.53724
59648 -4.62354
59649 -4.05474
59650 -4.54365
59652 -4.51956
59656 -4.21908
59664 -3.94059
59680 -4.41959
59712 -4.57223
59776 -4.61569
59904 -5.20092
59905 -4.59589
59906 -5.1444
59908 -5.14343
59912 -4.77879
59920 -4.59081
59936 -5.0158
59968 -5.09226
60032 -5.21399
60160 -4.19844
60416 -5.19184
60417 -4.67034
60418 -5.08062
60420 -5.01416
60424 -4.74085
60432 -4.34999
60448 -4.98847
60480 -5.09386
60544 -5.15167
60672 -4.18157
60928 -4.6574
61440 -5.8014
61441 -5.21475
61442 -5.7991
61443 -5.20254
61444 -5.69822
61445 -5.14996
61446 -5.68733
61447 -5.15333
61448 -5.72293
61449 -5.19194
61450 -5.5832
61451 -5.0448
61452 -5.58281
61453 -5.11102
61454 -5.48165
61456 -5.08524
61457 -4.57177
61458 -5.05969
61459 -4.53421
61460 -4.87944
61461 -4.36749
61462 -4.89291
61464 -5.03742
61465 -4.49913
61466 -4.89209
61468 -4.85073
61472 -5.65959
61473 -5.10211
61474 -5.57813
61475 -5.08384
61476 -5.48658
61477 -5.01767
61478 -5.55978
61480 -5.55738
61481 -4.97149
61482 -5.25354
61484 -5.43009
61488 -4.91258
61489 -4.39157
61490 -4.95659
61492 -4.76145
61496 -4.87068
61504 -5.56857
61505 -4.93021
61506 -5.58116
61507 -4.94658
61508 -5.45274
61509 -4.84574
61510 -5.45064
61512 -5.50471
61513 -4.90828
61514 -5.44026
61516 -5.45479
61520 -4.8943
61521 -4.25475
61522 -4.87936
61524 -4.68949
61528 -4.91009
61536 -5.42831
61537 -4.78918
61538 -5.42541
61540 -5.30276
61544 -5.4773
61552 -4.75649
61568 -5.78956
61569 -5.27426
61570 -5.77856
61571 -5.23027
61572 -5.66971
61573 -5.14319
61574 -5.60166
61576 -5.73761
61577 -5.20833
61578 -5.61266
61580 -5.67793
61584 -5.06042
61585 -4.54779
61586 -5.09292
61588 -4.90596
61592 -5.03178
61600 -5.59433
61601 -5.02442
61602 -5.54018
61604 -5.52224
61608 -5.57079
61616 -4.93859
61632 -5.57367
61633 -4.91374
61634 -5.52484
61636 -5.5338
61640 -5.55021
61648 -4.86301
61664 -5.49711
61696 -4.7566
61697 -4.25611
61698 -4.74929
61699 -4.2281
61700 -4.6742
61701 -4.16963
61702 -4.67835
61704 -4.71655
61705 -4.18858
61706 -4.57069
61708 -4.64796
61712 -4.09147
61713 -3.55484
61714 -4.0851
61716 -3.89141
61720 -4.04931
61728 -4.57955
61729 -4.05332
61730 -4.61121
61732 -4.52104
61736 -4.57131
61744 -3.92695
61760 -4.53718
61761 -3.91424
61762 -4.57833
61764 -4.47659
61768 -4.54345
61776 -3.87766
61792 -4.44047
61824 -4.79341
61825 -4.23107
61826 -4.74353
61828 -4.65626
61832 -4.73919
61840 -4.09525
61856 -4.58687
61888 -4.56426
61952 -5.37036
61953 -4.81505
61954 -5.35429
61955 -4.77864
61956 -5.32575
61957 -4.76578
61958 -5.31843
61960 -5.29902
61961 -4.72318
61962 -5.14596
61964 -5.29675
61968 -4.74892
61969 -4.18374
61970 -4.75092
61972 -4.58905
61976 -4.66018
61984 -5.20406
61985 -4.60976
61986 -5.22779
61988 -5.14635
61992 -5.10291
62000 -4.58113
62016 -5.13615
62017 -4.45298
62018 -5.08772
62020 -5.15177
62024 -5.16375
62032 -4.56844
62048 -4.97876
62080 -5.43514
62081 -4.80879
62082 -5.36168
62084 -5.33772
62088 -5.28024
62096 -4.78216
62112 -5.21434
62144 -5.13369
62208 -4.42257
62209 -3.81019
62210 -4.368
62212 -4.32932
62216 -4.3455
62224 -3.73574
62240 -4.205
62272 -4.14923
62336 -4.40265
62464 -5.28909
62465 -4.87378
62466 -5.29707
62467 -4.8798
62468 -5.16583
62469 -4.79283
62470 -5.18257
62472 -5.23027
62473 -4.85459
62474 -5.14187
62476 -5.15103
62480 -4.44125
62481 -4.00384
62482 -4.47231
62484 -4.23096
62488 -4.41565
62496 -5.12228
62497 -4.69262
62498 -5.16311
62500 -5.02653
62504 -5.1076
62512 -4.31427
62528 -5.16104
62529 -4.58621
62530 -5.10263
62532 -4.97616
62536 -5.16208
62544 -4.29221
62560 -5.00631
62592 -5.31964
62593 -4.86895
62594 -5.29259
62596 -5.19109
62600 -5.24684
62608 -4.48744
62624 -5.14742
62656 -5.14319
62720 -4.27384
62721 -3.86273
62722 -4.28712
62724 -4.19043
62728 -4.2537
62736 -3.46409
62752 -4.14642
62784 -4.11697
62848 -4.29067
62976 -4.78511
62977 -4.35265
62978 -4.78967
62980 -4.75947
62984 -4.78735
62992 -3.99343
63008 -4.61873
63040 -4.62069
63104 -4.7931
63232 -3.79348
63488 -5.62578
63489 -5.06474
63490 -5.53042
63491 -4.98834
63492 -5.56121
63493 -4.98132
63494 -5.39261
63496 -5.27134
63497 -4.62018
63498 -5.03584
63500 -5.12593
63504 -4.90152
63505 -4.37153
63506 -4.88175
63508 -4.72184
63512 -4.54076
63520 -5.44841
63521 -4.81447
63522 -5.25948
63524 -5.35976
63528 -4.87378
63536 -4.76518
63552 -5.56121
63553 -4.91557
63554 -5.48652
63556 -5.44499
63560 -5.155
63568 -4.88577
63584 -5.42706
63616 -5.5924
63617 -5.01723
63618 -5.47975
63620 -5.5614
63624 -5.20909
63632 -4.94468
63648 -5.46424
63680 -5.57951
63744 -4.65491
63745 -4.03354
63746 -4.52956
63748 -4.5295
63752 -4.2256
63760 -3.93439
63776 -4.45479
63808 -4.57761
63872 -4.61141
64000 -5.25638
64001 -4.56218
64002 -5.11126
64004 -5.15382
64008 -4.76567
64016 -4.59992
64032 -5.01087
64064 -5.15329
64128 -5.17489
64256 -4.21414
64512 -5.20619
64513 -4.70908
64514 -5.0738
64516 -5.08786
64520 -4.75192
64528 -4.34945
64544 -5.01194
64576 -5.13979
64640 -5.19562
64768 -4.19844
65024 -4.69668
