0 0.0265503 = -5.23513
1 0.0256958 = -5.28232
2 0.0423584 = -4.56121
3 0.0521851 = -4.26022
4 0.022644 = -5.46472
5 0.0299683 = -5.06042
6 0.0426025 = -4.55292
7 0.0435181 = -4.52224
8 0.0352173 = -4.82757
9 0.0415039 = -4.59061
10 0.0604248 = -4.04872
11 0.0644531 = -3.95561
12 0.0452271 = -4.46667
13 0.0411377 = -4.6034
14 0.0645752 = -3.95288
16 0.0102539 = -6.60768
17 0.0192871 = -5.69622
18 0.0423584 = -4.56121
19 0.0447388 = -4.48233
20 0.022583 = -5.46862
21 0.0141602 = -6.14202
22 0.0475464 = -4.39452
24 0.0219116 = -5.51216
25 0.0212402 = -5.55706
26 0.0669556 = -3.90065
28 0.0313721 = -4.99438
32 0.0301514 = -5.05163
33 0.0344849 = -4.85789
34 0.0644531 = -3.95561
35 0.0495605 = -4.33466
36 0.0273438 = -5.19265
37 0.0392456 = -4.67133
38 0.0564575 = -4.14669
40 0.0456543 = -4.45311
41 0.045105 = -4.47057
42 0.0792236 = -3.65793
44 0.0500488 = -4.32052
48 0.0179443 = -5.80033
49 0.0129395 = -6.27208
50 0.0533447 = -4.22851
52 0.0228882 = -5.44925
56 0.0267334 = -5.22521
64 0.0317383 = -4.97763
65 0.0331421 = -4.91519
66 0.046814 = -4.41692
67 0.045105 = -4.47057
68 0.0202026 = -5.62931
69 0.03125 = -5
70 0.0493774 = -4.34
72 0.0449829 = -4.47448
73 0.0443726 = -4.49419
74 0.0634766 = -3.97763
76 0.0372925 = -4.74497
80 0.0126343 = -6.30651
81 0.0177612 = -5.81512
82 0.038147 = -4.71229
84 0.0120239 = -6.37795
88 0.0200195 = -5.64245
96 0.0363159 = -4.78325
97 0.0322876 = -4.95288
98 0.0476074 = -4.39267
100 0.0370483 = -4.75445
104 0.0422363 = -4.56537
112 0.0194092 = -5.68712
128 0.0343628 = -4.86301
129 0.0335083 = -4.89934
130 0.0513916 = -4.28232
131 0.0507812 = -4.29956
132 0.0335693 = -4.89671
133 0.0421143 = -4.56955
134 0.0501099 = -4.31876
136 0.0552979 = -4.17663
137 0.0513306 = -4.28404
138 0.0873413 = -3.51719
140 0.0531616 = -4.23347
144 0.0166016 = -5.91254
145 0.0110474 = -6.50015
146 0.0491333 = -4.34716
148 0.0183716 = -5.76638
152 0.0306396 = -5.02846
160 0.0460815 = -4.43967
161 0.0386963 = -4.69166
162 0.0629883 = -3.98877
164 0.0387573 = -4.68939
168 0.0579834 = -4.10822
176 0.0165405 = -5.91785
192 0.0361328 = -4.79055
193 0.0371094 = -4.75207
194 0.0471802 = -4.40568
196 0.0368042 = -4.76399
200 0.0494995 = -4.33644
208 0.0146484 = -6.09311
224 0.0321045 = -4.96108
256 0.0297852 = -5.06926
257 0.0331421 = -4.91519
258 0.0401001 = -4.64025
259 0.0446777 = -4.4843
260 0.0272827 = -5.19587
261 0.0305176 = -5.03422
262 0.0512085 = -4.28747
264 0.0422974 = -4.56329
265 0.0430908 = -4.53648
266 0.0726318 = -3.78325
268 0.0545044 = -4.19748
272 0.0135498 = -6.20558
273 0.0153198 = -6.02846
274 0.0454102 = -4.46084
276 0.0183105 = -5.77118
280 0.0234375 = -5.41504
288 0.0299683 = -5.06042
289 0.0305786 = -5.03133
290 0.0509033 = -4.2961
292 0.0377197 = -4.72854
296 0.0524292 = -4.25349
304 0.00927734 = -6.75207
320 0.0349731 = -4.83761
321 0.0282593 = -5.14513
322 0.0459595 = -4.44349
324 0.0325928 = -4.9393
328 0.0449219 = -4.47644
336 0.0161743 = -5.95015
352 0.0331421 = -4.91519
384 0.0303955 = -5.04
385 0.0401001 = -4.64025
386 0.0524292 = -4.25349
388 0.0369263 = -4.75921
392 0.0621948 = -4.00706
400 0.0209351 = -5.57794
416 0.0343018 = -4.86557
448 0.0373535 = -4.74261
512 0.0422974 = -4.56329
513 0.0499878 = -4.32228
514 0.0716553 = -3.80278
515 0.0718384 = -3.7991
516 0.0414429 = -4.59273
517 0.0436401 = -4.5182
518 0.0742798 = -3.75089
520 0.0792236 = -3.65793
521 0.0734863 = -3.76638
522 0.117798 = -3.08561
524 0.0784912 = -3.67133
528 0.0210571 = -5.56955
529 0.0264282 = -5.24178
530 0.0685425 = -3.86686
532 0.0253906 = -5.29956
536 0.0488281 = -4.35614
544 0.0549316 = -4.18622
545 0.0570679 = -4.13118
546 0.0807495 = -3.6304
548 0.0458984 = -4.44541
552 0.0740356 = -3.75564
560 0.0281372 = -5.15138
576 0.0384521 = -4.70079
577 0.0391846 = -4.67357
578 0.072998 = -3.776
580 0.0405884 = -4.62279
584 0.0744629 = -3.74733
592 0.0235596 = -5.40754
608 0.0426636 = -4.55085
640 0.057373 = -4.12348
641 0.0548706 = -4.18782
642 0.0848999 = -3.55809
644 0.0644531 = -3.95561
648 0.0985718 = -3.34268
656 0.0285645 = -5.12964
672 0.0585938 = -4.09311
704 0.0567017 = -4.14047
768 0.0448608 = -4.4784
769 0.048584 = -4.36338
770 0.0698242 = -3.84013
772 0.050415 = -4.31
776 0.0838013 = -3.57688
784 0.0298462 = -5.06631
800 0.0515137 = -4.2789
832 0.0419312 = -4.57583
896 0.0527954 = -4.24344
1024 0.0377197 = -4.72854
1025 0.0463867 = -4.43014
1026 0.0626831 = -3.99578
1027 0.0606079 = -4.04435
1028 0.0459595 = -4.44349
1029 0.0482178 = -4.37429
1030 0.0626831 = -3.99578
1032 0.0599976 = -4.05895
1033 0.0593262 = -4.07519
1034 0.0905151 = -3.4657
1036 0.0618896 = -4.01416
1040 0.02948 = -5.08412
1041 0.0319824 = -4.96658
1042 0.0556641 = -4.16711
1044 0.0222168 = -5.49221
1048 0.0408325 = -4.61414
1056 0.0516968 = -4.27378
1057 0.0567017 = -4.14047
1058 0.0653687 = -3.93526
1060 0.0515747 = -4.27719
1064 0.0670776 = -3.89802
1072 0.0296021 = -5.07816
1088 0.0352783 = -4.82507
1089 0.0414429 = -4.59273
1090 0.0584106 = -4.09762
1092 0.0412598 = -4.59912
1096 0.0552979 = -4.17663
1104 0.0227661 = -5.45697
1120 0.0425415 = -4.55499
1152 0.0510254 = -4.29264
1153 0.0513306 = -4.28404
1154 0.0723877 = -3.78811
1156 0.0494385 = -4.33822
1160 0.0736084 = -3.76399
1168 0.0383911 = -4.70308
1184 0.0512085 = -4.28747
1216 0.0488281 = -4.35614
1280 0.0419312 = -4.57583
1281 0.0406494 = -4.62062
1282 0.0584106 = -4.09762
1284 0.0422363 = -4.56537
1288 0.0717773 = -3.80033
1296 0.0274048 = -5.18943
1312 0.0524292 = -4.25349
1344 0.0459595 = -4.44349
1408 0.046814 = -4.41692
1536 0.0696411 = -3.84392
1537 0.0721436 = -3.79299
1538 0.0974731 = -3.35885
1540 0.0736084 = -3.76399
1544 0.10907 = -3.19668
1552 0.0435791 = -4.52022
1568 0.0653687 = -3.93526
1600 0.0582275 = -4.10215
1664 0.0831299 = -3.58849
1792 0.0615845 = -4.02129
2048 0.0345459 = -4.85534
2049 0.0272827 = -5.19587
2050 0.046875 = -4.41504
2051 0.0560303 = -4.15765
2052 0.0230713 = -5.43776
2053 0.029541 = -5.08114
2054 0.0447998 = -4.48036
2056 0.0452881 = -4.46472
2057 0.046875 = -4.41504
2058 0.0772095 = -3.69508
2060 0.0501099 = -4.31876
2064 0.00952148 = -6.7146
2065 0.00982666 = -6.66908
2066 0.046814 = -4.41692
2068 0.0118408 = -6.40009
2072 0.0228271 = -5.45311
2080 0.0330811 = -4.91785
2081 0.0380859 = -4.7146
2082 0.0593872 = -4.0737
2084 0.0418091 = -4.58004
2088 0.0515137 = -4.2789
2096 0.0178833 = -5.80524
2112 0.0279541 = -5.1608
2113 0.0343628 = -4.86301
2114 0.0484009 = -4.36882
2116 0.0297241 = -5.07222
2120 0.03479 = -4.84518
2128 0.0194092 = -5.68712
2144 0.0377808 = -4.7262
2176 0.0396729 = -4.6557
2177 0.0393066 = -4.66908
2178 0.0586548 = -4.09161
2180 0.0342407 = -4.86814
2184 0.0582275 = -4.10215
2192 0.0175781 = -5.83007
2208 0.0444946 = -4.49022
2240 0.0391846 = -4.67357
2304 0.0321655 = -4.95834
2305 0.036377 = -4.78083
2306 0.0550537 = -4.18302
2308 0.0283203 = -5.14202
2312 0.0443726 = -4.49419
2320 0.00640869 = -7.28575
2336 0.0360107 = -4.79543
2368 0.0343018 = -4.86557
2432 0.0405884 = -4.62279
2560 0.0491943 = -4.34536
2561 0.0455322 = -4.45697
2562 0.0651855 = -3.9393
2564 0.0488892 = -4.35434
2568 0.0747681 = -3.74143
2576 0.0206299 = -5.59912
2592 0.0413818 = -4.59486
2624 0.045105 = -4.47057
2688 0.0542603 = -4.20396
2816 0.0462646 = -4.43395
3072 0.0510254 = -4.29264
3073 0.0508423 = -4.29783
3074 0.0665894 = -3.90856
3076 0.0444336 = -4.49221
3080 0.0578003 = -4.11278
3088 0.0246582 = -5.34179
3104 0.057251 = -4.12656
3136 0.0455322 = -4.45697
3200 0.0497437 = -4.32934
3328 0.0441284 = -4.50215
3584 0.0588379 = -4.08711
