0 -3.16056
1 -6.80663
2 -11.2186
3 -11.3454
4 -5.55034
5 -10.6034
6 -11.3561
7 -10.5654
8 -6.74867
9 -11.4764
10 -6.62768
11 -10.1219
12 -8.70136
13 -12.2653
14 -8.53239
15 -11.1894
16 -11.5122
17 -10.6077
18 -10.7309
19 -13.3706
20 -12.0634
21 -11.324
22 -14.0458
23 -10.5283
24 -13.1798
25 -11.4226
26 -10.4764
27 -10.9447
28 -10.3579
29 -9.98458
30 -11.5202
31 -11.8707
32 -6.04462
33 -13.9125
34 -6.00176
35 -9.9366
36 -7.15745
37 -12.5571
38 -7.29631
39 -10.6141
40 -11.389
41 -12.3561
42 -3.43649
43 -6.4349
44 -10.4113
45 -13.1296
46 -5.20919
47 -5.75638
48 -11.1735
49 -10.764
50 -14.2996
51 -10.6359
52 -11.0634
53 -15
54 -10.125
55 -11.3927
56 -11.3779
57 -9.61198
58 -10.3927
59 -9.73438
60 -10.5021
61 -12.3634
62 -9.58531
63 -8.41175
64 -10.8376
65 -10.5283
66 -14.5406
67 -11.4843
68 -11.6077
69 -12.3347
70 -11.8811
71 -10.9072
72 -12.8604
73 -11.2585
74 -11.4843
75 -10.6228
76 -11.4001
77 -13.2451
78 -12.1798
79 -11.5202
80 -10.4188
81 -12.9125
82 -10.9259
83 -12.6337
84 -13.5406
85 -10.942
86 -14.9556
87 -11.4843
88 -10.1687
89 -10.8176
90 -13
91 -10.125
92 -11.5864
93 -9.69736
94 -12.9447
95 -15.8301
96 -10.7808
97 -10.5365
98 -11.1266
99 -11.6513
100 -13.6077
101 -11.6557
102 -12.7146
103 -12.1862
104 -13.2585
105 -11.4493
106 -10.0042
107 -11.6691
108 -12.2653
109 -13.5406
110 -9.74379
111 -11.71
112 -10.2721
113 -12.7426
114 -10.7054
115 -12.3561
116 -18.415
117 -9.56641
118 -10.5283
119 -11.5821
120 -9.65238
121 -11.776
122 -8.40195
123 -8.63915
124 -10.2368
125 -9.88756
126 -10.0648
127 -9.10822
