0 0.109528 = -3.19063
1 0.00515747 = -7.59912
2 0.0142517 = -6.13272
3 -0.00106812 = -9.87072
4 0.0104675 = -6.57794
5 0.00112915 = -9.79055
6 0.00262451 = -8.57374
7 0.000396729 = -11.2996
8 0.0453796 = -4.46181
9 0.0395508 = -4.66015
10 0.00827026 = -6.91785
11 0.0106201 = -6.55706
12 0.00341797 = -8.19265
13 0.00534058 = -7.54879
14 0.00216675 = -8.85025
15 -0.00106812 = -9.87072
16 -0.00152588 = -9.35614
17 -0.000762939 = -10.3561
18 -9.15527e-05 = -13.415
19 -0.000152588 = -12.6781
20 0.00341797 = -8.19265
21 0.000335693 = -11.5406
22 0.00268555 = -8.54057
23 0.00289917 = -8.43014
24 -0.00378418 = -8.0458
25 -0.000427246 = -11.1926
26 0.00338745 = -8.20558
27 -0.003479 = -8.16711
28 0.00012207 = -13
29 0.00164795 = -9.24511
30 -0.00564575 = -7.46862
31 0.00311279 = -8.32757
32 -0.000976562 = -10
33 0.00369263 = -8.08114
34 -0.00189209 = -9.0458
35 -0.00305176 = -8.35614
36 0.003479 = -8.16711
37 -0.00366211 = -8.09311
38 -0.000732422 = -10.415
39 -0.00683594 = -7.19265
40 0.00372314 = -8.06926
41 0.000762939 = -10.3561
42 -0.000488281 = -11
43 0.00158691 = -9.29956
44 0.00390625 = -8
45 0.00146484 = -9.41504
46 0.00253296 = -8.62496
47 0.000671387 = -10.5406
48 0.000579834 = -10.7521
49 -0.0038147 = -8.03422
50 0.00128174 = -9.60768
51 -0.00210571 = -8.89148
52 -0.000366211 = -11.415
53 -0.00192261 = -9.02272
54 0.000915527 = -10.0931
55 -0.00411987 = -7.92318
56 -0.00280762 = -8.47644
57 0.00195312 = -9
58 0.0015564 = -9.32757
59 -0.000335693 = -11.5406
60 0.000183105 = -12.415
61 -0.000213623 = -12.1926
62 -0.00317383 = -8.29956
63 -0.000762939 = -10.3561
64 -0.00476074 = -7.7146
65 0.000549316 = -10.8301
66 0.0017395 = -9.16711
67 -0.000732422 = -10.415
68 -0.00283813 = -8.46084
69 0.00350952 = -8.15451
70 0.00186157 = -9.06926
71 0.00253296 = -8.62496
72 -0.00158691 = -9.29956
73 0.003479 = -8.16711
74 0.000579834 = -10.7521
75 -0.0010376 = -9.91254
76 0.0017395 = -9.16711
77 0.000793457 = -10.2996
78 0.000244141 = -12
79 -0.000671387 = -10.5406
80 0.00213623 = -8.87072
81 0.00012207 = -13
82 -0.00204468 = -8.93391
83 0.000701904 = -10.4764
84 0.00305176 = -8.35614
85 -0.00408936 = -7.93391
86 0.000366211 = -11.415
87 -0.000305176 = -11.6781
88 -0.00134277 = -9.54057
89 -0.00198364 = -8.97763
90 -0.000152588 = -12.6781
91 -0.000793457 = -10.2996
92 -0.0017395 = -9.16711
93 0.00460815 = -7.7616
94 -0.00222778 = -8.81018
95 -0.000457764 = -11.0931
96 0.000396729 = -11.2996
97 -0.00274658 = -8.50815
98 0.00354004 = -8.14202
99 0.000640869 = -10.6077
100 0.00302124 = -8.37064
101 -0.00338745 = -8.20558
102 -0.00167847 = -9.21864
103 0.00158691 = -9.29956
104 0.00442505 = -7.82009
105 -0.00195312 = -9
106 -0.00579834 = -7.43014
107 0.00341797 = -8.19265
108 0.00296021 = -8.40009
109 -0.00396729 = -7.97763
110 -0.0010376 = -9.91254
111 0.00292969 = -8.41504
112 0.00189209 = -9.0458
113 0.00692749 = -7.17345
114 0.00183105 = -9.09311
115 -0.00119019 = -9.7146
116 -0.00250244 = -8.64245
117 -0.00134277 = -9.54057
118 3.05176e-05 = -15
119 -0.000427246 = -11.1926
120 -0.00088501 = -10.142
121 6.10352e-05 = -14
122 0.00289917 = -8.43014
123 -0.00613403 = -7.34895
124 0.00143433 = -9.44541
125 -0.00518799 = -7.59061
126 0.00250244 = -8.64245
127 -0.00250244 = -8.64245
