0 0.109841 = -3.18652
1 0.0206831 = -5.5954
2 0.00735015 = -7.08801
3 0.0249613 = -5.32417
4 0.0376133 = -4.73261
5 0.00412473 = -7.92148
6 0.00587209 = -7.41191
7 0.00442922 = -7.81873
8 0.0721854 = -3.79215
9 0.00100842 = -9.95369
10 -0.001201 = -9.70154
11 -0.000755429 = -10.3704
12 0.0125661 = -6.31432
13 0.000178874 = -12.4488
14 -0.000882655 = -10.1459
15 -1.28597e-05 = -16.2468
16 0.00859568 = -6.86217
17 0.00904526 = -6.78862
18 1.96546e-05 = -15.6348
19 0.00796098 = -6.97284
20 4.02927e-05 = -14.5991
21 0.00143936 = -9.44035
22 5.99027e-06 = -17.3489
23 0.000673264 = -10.5365
24 0.0175846 = -5.82955
25 -6.55651e-06 = -17.2186
26 1.83284e-05 = -15.7356
27 4.39584e-05 = -14.4735
28 -3.29316e-06 = -18.2121
29 5.70118e-05 = -14.0984
30 1.39624e-05 = -16.1281
31 1.43051e-05 = -16.0931
32 0.0117291 = -6.41376
33 6.05732e-05 = -14.011
34 -1.03265e-05 = -16.5633
35 4.83692e-05 = -14.3356
36 0.0116954 = -6.41791
37 4.05014e-05 = -14.5917
38 -4.00245e-05 = -14.6088
39 -1.36197e-05 = -16.1639
40 0.0132815 = -6.23444
41 0.0011337 = -9.78475
42 -6.58035e-05 = -13.8915
43 0.000587329 = -10.7335
44 0.0131964 = -6.24371
45 0.00099355 = -9.97512
46 -0.000144571 = -12.7559
47 0.000709996 = -10.4599
48 0.00156049 = -9.32378
49 -0.000123456 = -12.9837
50 -8.93027e-05 = -13.4509
51 -3.27528e-05 = -14.898
52 0.00141428 = -9.46571
53 -3.27826e-06 = -18.2186
54 -3.54648e-05 = -14.7833
55 -8.37594e-05 = -13.5434
56 0.00697219 = -7.16417
57 0.00225779 = -8.79087
58 0.000101134 = -13.2714
59 0.000510961 = -10.9345
60 0.00687815 = -7.18376
61 0.0022869 = -8.77239
62 -2.91914e-05 = -15.0641
63 0.000420257 = -11.2164
64 0.00994532 = -6.65177
65 0.00977458 = -6.67675
66 0.00988574 = -6.66043
67 0.00991803 = -6.65573
68 -0.000478446 = -11.0294
69 -0.000428051 = -11.1899
70 -0.000515983 = -10.9204
71 -0.000486791 = -11.0044
72 0.00371492 = -8.07245
73 0.00363864 = -8.10238
74 0.00373763 = -8.06366
75 0.00364308 = -8.10063
76 0.000119165 = -13.0348
77 -8.75443e-05 = -13.4796
78 7.4625e-05 = -13.71
79 -3.65824e-05 = -14.7385
80 0.0169003 = -5.88681
81 0.0168898 = -5.88771
82 0.0168581 = -5.89041
83 0.0169576 = -5.88192
84 0.00330721 = -8.24017
85 0.00334601 = -8.22334
86 0.0032545 = -8.26335
87 0.00321658 = -8.28026
88 0.00457422 = -7.77226
89 0.00456777 = -7.77429
90 0.00469519 = -7.7346
91 0.00443837 = -7.81575
92 0.00020346 = -12.263
93 0.000192061 = -12.3461
94 0.000238582 = -12.0332
95 0.000160202 = -12.6078
96 0.000307292 = -11.6681
97 0.000363529 = -11.4256
98 0.000340953 = -11.5181
99 0.000380695 = -11.3591
100 0.000300184 = -11.7019
101 0.000344202 = -11.5045
102 0.00028877 = -11.7578
103 0.000301227 = -11.6969
104 0.0029908 = -8.38525
105 0.00291228 = -8.42363
106 0.00289515 = -8.43215
107 0.0028166 = -8.47183
108 0.00276332 = -8.49938
109 0.00291653 = -8.42153
110 0.00290254 = -8.42847
111 0.00290611 = -8.42669
112 0.000658631 = -10.5682
113 0.000651136 = -10.5848
114 0.000675306 = -10.5322
115 0.000532627 = -10.8746
116 0.000534296 = -10.8701
117 0.000624195 = -10.6457
118 0.000650555 = -10.586
119 0.000643224 = -10.6024
120 0.00375919 = -8.05536
121 0.00366774 = -8.09089
122 0.00357041 = -8.1297
123 0.00358623 = -8.12332
124 0.00367416 = -8.08837
125 0.00361782 = -8.11066
126 0.00363351 = -8.10442
127 0.00359865 = -8.11833
