0 0.249172 = -2.00478
1 0.186939 = -2.41936
2 0.125397 = -2.99543
3 0.102375 = -3.28806
4 0.12524 = -2.99723
5 0.187454 = -2.41539
6 0.0770302 = -3.69843
7 0.10182 = -3.29591
8 0.249388 = -2.00354
9 0.187275 = -2.41677
10 0.124802 = -3.00229
11 0.101126 = -3.30578
12 0.126556 = -2.98215
13 0.187212 = -2.41726
14 0.0781097 = -3.67835
15 0.102066 = -3.29243
16 0.125219 = -2.99747
17 0.140366 = -2.83274
18 0.0779362 = -3.68156
19 0.0847549 = -3.56056
20 0.12508 = -2.99908
21 0.141665 = -2.81945
22 0.0775757 = -3.68825
23 0.0844994 = -3.56492
24 0.125101 = -2.99883
25 0.140812 = -2.82816
26 0.0790043 = -3.66193
27 0.0840263 = -3.57301
28 0.125338 = -2.99611
29 0.14016 = -2.83486
30 0.0773697 = -3.69209
31 0.0840511 = -3.57259
32 0.147039 = -2.76573
33 0.122992 = -3.02337
34 0.0779114 = -3.68202
35 0.0695114 = -3.84661
36 0.0995884 = -3.32788
37 0.122007 = -3.03496
38 0.0624428 = -4.00132
39 0.0704346 = -3.82757
40 0.147406 = -2.76214
41 0.122309 = -3.0314
42 0.0782681 = -3.67543
43 0.0697231 = -3.84222
44 0.100029 = -3.32151
45 0.123632 = -3.01587
46 0.0621738 = -4.00755
47 0.0709515 = -3.81702
48 0.0998287 = -3.3244
49 0.112425 = -3.15297
50 0.0631714 = -3.98458
51 0.0677567 = -3.88349
52 0.0987206 = -3.34051
53 0.110748 = -3.17464
54 0.06147 = -4.02397
55 0.066164 = -3.91781
56 0.0996685 = -3.32672
57 0.111712 = -3.16215
58 0.0623016 = -4.00459
59 0.0660496 = -3.92031
60 0.0998688 = -3.32382
61 0.111912 = -3.15957
62 0.0613003 = -4.02796
63 0.0664005 = -3.91266
64 0.188316 = -2.40877
65 0.250702 = -1.99596
66 0.102318 = -3.28887
67 0.124907 = -3.00108
68 0.188002 = -2.41118
69 0.124557 = -3.00512
70 0.102732 = -3.28305
71 0.0770588 = -3.6979
72 0.18779 = -2.41281
73 0.250185 = -1.99893
74 0.103127 = -3.27751
75 0.124538 = -3.00534
76 0.188406 = -2.40808
77 0.125622 = -2.99284
78 0.10195 = -3.29407
79 0.0786247 = -3.66887
80 0.124998 = -3.00002
81 0.156988 = -2.67127
82 0.0788765 = -3.66426
83 0.0900612 = -3.47295
84 0.125811 = -2.99067
85 0.124966 = -3.0004
86 0.0780411 = -3.67962
87 0.0779629 = -3.68107
88 0.125914 = -2.98949
89 0.156317 = -2.67746
90 0.0779457 = -3.68139
91 0.0889797 = -3.49038
92 0.125406 = -2.99532
93 0.124992 = -3.00009
94 0.0787735 = -3.66615
95 0.0792351 = -3.65772
96 0.122341 = -3.03102
97 0.14632 = -2.7728
98 0.0701256 = -3.83392
99 0.0780697 = -3.67909
100 0.123941 = -3.01227
101 0.0999317 = -3.32291
102 0.0710907 = -3.8142
103 0.063158 = -3.98489
104 0.123941 = -3.01227
105 0.145298 = -2.78291
106 0.0700016 = -3.83647
107 0.0781651 = -3.67733
108 0.123329 = -3.01941
109 0.0998116 = -3.32465
110 0.0698586 = -3.83942
111 0.0625286 = -3.99934
112 0.0994263 = -3.33023
113 0.123024 = -3.02299
114 0.0626621 = -3.99626
115 0.0704288 = -3.82769
116 0.0997448 = -3.32561
117 0.0993195 = -3.33178
118 0.0620995 = -4.00928
119 0.062767 = -3.99385
120 0.099472 = -3.32957
121 0.124271 = -3.00843
122 0.061594 = -4.02107
123 0.0704784 = -3.82667
124 0.0980835 = -3.34985
125 0.100014 = -3.32173
126 0.0624199 = -4.00185
127 0.0619678 = -4.01234
128 0.249437 = -2.00325
129 0.187258 = -2.4169
130 0.124828 = -3.00198
131 0.102951 = -3.27997
132 0.125721 = -2.9917
133 0.187975 = -2.41139
134 0.0780315 = -3.6798
135 0.101034 = -3.30708
136 0.249453 = -2.00316
137 0.187901 = -2.41196
138 0.125153 = -2.99824
139 0.101179 = -3.30502
140 0.125385 = -2.99556
141 0.187845 = -2.41238
142 0.079689 = -3.64948
143 0.101667 = -3.29807
144 0.125978 = -2.98875
145 0.141449 = -2.82165
146 0.0783863 = -3.67325
147 0.0840988 = -3.57177
148 0.124756 = -3.00282
149 0.140278 = -2.83364
150 0.0781078 = -3.67839
151 0.0840321 = -3.57292
152 0.12561 = -2.99297
153 0.139183 = -2.84494
154 0.0769577 = -3.69979
155 0.0836639 = -3.57925
156 0.125132 = -2.99848
157 0.140543 = -2.83092
158 0.078083 = -3.67885
159 0.0829754 = -3.59117
160 0.146927 = -2.76683
161 0.123816 = -3.01374
162 0.078968 = -3.66259
163 0.0699158 = -3.83824
164 0.10079 = -3.31058
165 0.122522 = -3.02888
166 0.0612488 = -4.02918
167 0.0712509 = -3.81095
168 0.145859 = -2.77736
169 0.122499 = -3.02915
170 0.0786781 = -3.66789
171 0.0705223 = -3.82578
172 0.0988636 = -3.33842
173 0.123116 = -3.02192
174 0.0633011 = -3.98163
175 0.0703907 = -3.82847
176 0.0999603 = -3.3225
177 0.110594 = -3.17666
178 0.0631313 = -3.9855
179 0.0667725 = -3.9046
180 0.0990696 = -3.33541
181 0.110161 = -3.18232
182 0.061964 = -4.01243
183 0.0672169 = -3.89503
184 0.100063 = -3.32101
185 0.111153 = -3.16939
186 0.0621014 = -4.00923
187 0.0663128 = -3.91457
188 0.100519 = -3.31446
189 0.111204 = -3.16872
190 0.0620441 = -4.01056
191 0.0656052 = -3.93005
192 0.186447 = -2.42316
193 0.250444 = -1.99744
194 0.100769 = -3.31088
195 0.125895 = -2.98971
196 0.187981 = -2.41134
197 0.125132 = -2.99848
198 0.102648 = -3.28423
199 0.078373 = -3.6735
200 0.187603 = -2.41425
201 0.249483 = -2.00299
202 0.102619 = -3.28463
203 0.124891 = -3.00126
204 0.186916 = -2.41954
205 0.125233 = -2.99732
206 0.101723 = -3.29729
207 0.0778961 = -3.6823
208 0.124722 = -3.00322
209 0.155899 = -2.68132
210 0.078867 = -3.66444
211 0.0899639 = -3.47451
212 0.125351 = -2.99596
213 0.124039 = -3.01114
214 0.0782204 = -3.67631
215 0.0778923 = -3.68238
216 0.125908 = -2.98956
217 0.15686 = -2.67245
218 0.077837 = -3.6834
219 0.0900326 = -3.47341
220 0.125591 = -2.99319
221 0.125488 = -2.99438
222 0.0783329 = -3.67424
223 0.0770359 = -3.69833
224 0.123119 = -3.02187
225 0.146299 = -2.773
226 0.0697727 = -3.84119
227 0.078558 = -3.6701
228 0.123528 = -3.0171
229 0.0998783 = -3.32368
230 0.0704384 = -3.82749
231 0.0627441 = -3.99438
232 0.122822 = -3.02536
233 0.146086 = -2.77511
234 0.0702057 = -3.83227
235 0.0788765 = -3.66426
236 0.123817 = -3.01371
237 0.0998116 = -3.32465
238 0.0709038 = -3.81799
239 0.0630493 = -3.98738
240 0.0995178 = -3.3289
241 0.12385 = -3.01334
242 0.0629253 = -3.99022
243 0.0701427 = -3.83356
244 0.0993557 = -3.33125
245 0.100964 = -3.30809
246 0.0618134 = -4.01594
247 0.0623493 = -4.00348
248 0.100855 = -3.30965
249 0.123352 = -3.01915
250 0.0620995 = -4.00928
251 0.0707417 = -3.8213
252 0.0992565 = -3.33269
253 0.100746 = -3.3112
254 0.063509 = -3.9769
255 0.0621796 = -4.00742
256 0.24979 = -2.00121
257 0.187326 = -2.41637
258 0.124426 = -3.00664
259 0.102289 = -3.28927
260 0.125067 = -2.99923
261 0.187204 = -2.41731
262 0.0786324 = -3.66873
263 0.101578 = -3.29934
264 0.249611 = -2.00225
265 0.187927 = -2.41175
266 0.125404 = -2.99534
267 0.101948 = -3.2941
268 0.126255 = -2.98559
269 0.187014 = -2.41878
270 0.0786133 = -3.66908
271 0.101257 = -3.3039
272 0.155983 = -2.68054
273 0.140991 = -2.82632
274 0.091177 = -3.45519
275 0.0845623 = -3.56384
276 0.124023 = -3.01132
277 0.141333 = -2.82283
278 0.0786419 = -3.66856
279 0.0835037 = -3.58202
280 0.156036 = -2.68005
281 0.140444 = -2.83194
282 0.0899868 = -3.47414
283 0.0832996 = -3.58555
284 0.124243 = -3.00877
285 0.141048 = -2.82574
286 0.078104 = -3.67846
287 0.0830288 = -3.59024
288 0.146889 = -2.7672
289 0.122791 = -3.02572
290 0.0792961 = -3.65661
291 0.0694027 = -3.84886
292 0.0995426 = -3.32854
293 0.123899 = -3.01276
294 0.0615559 = -4.02196
295 0.071537 = -3.80517
296 0.146894 = -2.76715
297 0.124472 = -3.00611
298 0.078352 = -3.67389
299 0.0708847 = -3.81838
300 0.100336 = -3.31709
301 0.123617 = -3.01605
302 0.0613098 = -4.02774
303 0.0698395 = -3.83981
